"","baseMean","log2FoldChange","lfcSE","stat","pvalue","padj"
"1552312_a_at",46.4243400624667,1.19510149728114,0.172477142726922,6.92904276118087,4.23697730913395e-12,2.66235149016222e-10
"1552480_s_at",44.2720907426107,-1.26696730154886,0.257850915563283,-4.91356526224128,8.94349435161176e-07,1.24605757077756e-05
"1552660_a_at",78.5729059116761,1.054379943027,0.154012735096253,6.84605686905075,7.59133112665776e-12,4.45279542404888e-10
"1552867_at",47.5744188621848,1.207734243905,0.187403003496852,6.44458317833357,1.15918547842227e-10,4.95397296384211e-09
"1553101_a_at",135.587801264536,1.17633389527182,0.188245380931019,6.2489389617633,4.13250362996592e-10,1.53541082903256e-08
"1553185_at",402.446283511296,-1.58807263745792,0.259108615108349,-6.12898431336931,8.84418446543882e-10,2.93188039910675e-08
"1553186_x_at",292.549527492493,-1.55236297126247,0.259986246460974,-5.97094266482858,2.35886636920653e-09,7.00696897266328e-08
"1553681_a_at",1530.28733396893,1.38246938154077,0.307409846987404,4.49715386507255,6.88691503069033e-06,7.05875436737242e-05
"1553861_at",20.0499787490199,-1.2553038115604,0.243331190914735,-5.15882820793107,2.48500188241988e-07,4.06796038351086e-06
"1553947_at",41.3802799679031,1.2752973212678,0.171100872097884,7.45348229749654,9.0908201246411e-14,9.32126184407968e-12
"1553962_s_at",60.2474441606361,1.03360303351292,0.228756462522104,4.51835555646016,6.23217666137706e-06,6.45520757243809e-05
"1554091_a_at",36.0534411564477,1.106589910332,0.168255332845101,6.57684895700003,4.80522454438526e-11,2.29648964371735e-09
"1554178_a_at",266.618154233078,-1.3296523630231,0.155293587797758,-8.56218458134107,1.1074870396093e-17,3.21950133470599e-15
"1554343_a_at",97.2631301134134,-1.26490953053933,0.23436518094626,-5.39717344288175,6.76989375476592e-08,1.28288516753995e-06
"1554406_a_at",673.934365004872,1.1248886433113,0.154983598639699,7.25811410487638,3.92524377085945e-13,3.38235826430996e-11
"1554413_s_at",26.6213113523882,-1.10472369784031,0.242845092738127,-4.5490880024971,5.38789093463186e-06,5.72644703835883e-05
"1554417_s_at",83.669314623266,1.06831052076818,0.16570771889754,6.44695689419715,1.14118226943946e-10,4.90875378142298e-09
"1554451_s_at",59.1173823620243,1.31869284709541,0.155473199990926,8.48180166853438,2.21733301327251e-17,5.80765619139713e-15
"1554464_a_at",548.892022188803,1.12275667519879,0.174446813715803,6.43609734843258,1.22584429845152e-10,5.22197827234083e-09
"1554569_a_at",178.125235838809,1.10258424130171,0.21395594383815,5.15332372413909,2.55909627900618e-07,4.16861656187374e-06
"1554676_at",985.624532115205,-1.48407375110977,0.319290472791777,-4.64803643570535,3.35109730235003e-06,3.86187735464822e-05
"1554892_a_at",57.6325928993279,-1.90011966773161,0.231605309322034,-8.20412827881077,2.32269998632871e-16,4.65490192714694e-14
"1554948_at",82.338093084082,1.03166959868087,0.171229613391959,6.0250652807309,1.69041380696744e-09,5.29836574046407e-08
"1555058_a_at",69.6740285104973,-1.27383792412986,0.272932848536311,-4.66722100678325,3.05300885829216e-06,3.57997767452397e-05
"1555154_a_at",142.290733432358,1.01178685654699,0.149860482740658,6.75152540578656,1.46298761469678e-11,7.96334863357788e-10
"1555214_a_at",209.067317966915,1.61412143338258,0.182434962324532,8.84765405060478,8.93782115209109e-19,3.28390445496413e-16
"1555247_a_at",200.206256425933,-1.11434222825621,0.144194783321401,-7.72803427827493,1.09219939073949e-14,1.43746481008072e-12
"1555317_at",61.3326347615458,1.85232367097753,0.204396664235036,9.06239677594512,1.27615033984241e-19,5.53430837544115e-17
"1555326_a_at",19.4604981926884,1.50912608505248,0.195368808520573,7.72449858542064,1.12294488061578e-14,1.47061306296088e-12
"1555565_s_at",121.400437921391,1.1000022160605,0.188875866659259,5.82394265353633,5.74753049726397e-09,1.4965075962069e-07
"1555639_a_at",81.6233979680125,1.32237300951404,0.269764598210606,4.90195162110062,9.48892078833028e-07,1.31424036929052e-05
"1555643_s_at",140.336606107935,1.91190727203607,0.291010970207034,6.56988040923639,5.03556887799792e-11,2.3915787988969e-09
"1555745_a_at",29103.6216734663,1.06382915077828,0.414192255385084,2.56844288358123,0.0102156545508296,0.032760931687192
"1555779_a_at",402.001241758363,-1.06942053136504,0.302420909107352,-3.53619904960149,0.00040592871402044,0.00228671079730723
"1555831_s_at",52.5255048127764,1.11262851770432,0.185644144904534,5.99334020621271,2.05574157704958e-09,6.23095973511137e-08
"1555913_at",83.0167745649343,-1.07671684828596,0.155216678331522,-6.93686309912032,4.00901978875185e-12,2.53380118259713e-10
"1556416_s_at",85.8049227947541,-3.41794686620978,0.38413578627149,-8.89775696085269,5.69866372953226e-19,2.15360643287209e-16
"1556451_at",78.4524930872606,-1.944253008822,0.279547409139673,-6.9550027839842,3.52555074623027e-12,2.28031587874757e-10
"1556873_at",20.2071614801604,-1.1268784441767,0.204605487778109,-5.50756705704187,3.63826839726586e-08,7.50754697201802e-07
"1556874_a_at",19.4153480465918,-1.29719897343641,0.271453028395528,-4.77872352761633,1.76411569200214e-06,2.23291466584807e-05
"1557081_at",81.1807872200298,-1.29154457842925,0.207594643883225,-6.22147351333283,4.9250731132354e-10,1.77743160280262e-08
"1557158_s_at",27.8374250626891,-1.12767995915871,0.196746251723819,-5.73164646989911,9.94604082988916e-09,2.4031617369748e-07
"1557222_at",35.9938277280616,-1.06847270889507,0.193086565049717,-5.5336460546592,3.13641578443494e-08,6.62705616305447e-07
"1557285_at",39.2739120159607,-1.41643111200795,0.252298352475558,-5.61411161868434,1.9757465415045e-08,4.40323496284415e-07
"1557539_at",51.4603098455868,-1.24319422654554,0.180849957401042,-6.8741748375904,6.23497010283974e-12,3.78302520872758e-10
"1557553_at",23.0787367003508,-1.00650585454985,0.218564224875279,-4.60508052095079,4.12306295436129e-06,4.57898855561182e-05
"1557555_at",28.3294810304748,-1.06373584446578,0.204942375867927,-5.19041432969087,2.09826647526425e-07,3.49543711187913e-06
"1557811_a_at",139.823671776808,-1.10916106855772,0.224205059255909,-4.94708314004511,7.53338059896466e-07,1.07606938642015e-05
"1557852_at",36.145462658394,-1.51796240774258,0.285426954834258,-5.31821673473003,1.04789201472749e-07,1.89221401758369e-06
"1558002_at",90.6964296739021,-3.26012867770413,0.38760286025795,-8.41100263175178,4.06520605604948e-17,1.04408700006537e-14
"1558173_a_at",46.5722269733022,-1.72215867921449,0.267409074442528,-6.44016543868116,1.19343344946705e-10,5.09211104390345e-09
"1558185_at",42.3045682478122,-1.26840195802584,0.235827133340481,-5.37852426079638,7.5098863586955e-08,1.40499670249597e-06
"1558527_at",23.6937656342405,-1.03681856655272,0.216772228915395,-4.78298614052346,1.7271003820005e-06,2.19025472221674e-05
"1558662_s_at",313.470081633867,-1.3555536608612,0.249919909889353,-5.42395226319241,5.82954565273608e-08,1.13226725915918e-06
"1558678_s_at",15162.584713904,-3.40400252445554,0.278133948068276,-12.2387164461489,1.93061579913804e-34,2.55362551751988e-30
"1558688_at",286.830589748228,-1.31322147846476,0.245329564198118,-5.3528871775285,8.65618248108959e-08,1.59131793853193e-06
"1558702_at",37.9659241739925,-2.04659020813578,0.252769776691276,-8.09665710404695,5.64900098314371e-16,1.05984873764598e-13
"1558739_at",108.313132689779,-1.74193961141752,0.222272674215254,-7.8369489977458,4.6162544011275e-15,6.70980186414433e-13
"1558740_s_at",170.500411764526,-1.77956049844551,0.212955522178171,-8.35648909332641,6.46124039084896e-17,1.56812525962861e-14
"1558747_at",377.673761550354,-3.06454649798803,0.31800998829124,-9.63663598887168,5.59928686536447e-22,4.11454263156532e-19
"1558783_at",462.961340360393,-1.01469448662838,0.131025676565903,-7.74424153511631,9.61540743657861e-15,1.27857621293457e-12
"1558924_s_at",53.84970702322,-1.28001940538453,0.25869591487649,-4.94796914746665,7.49917916258064e-07,1.07234208414545e-05
"1558937_s_at",41.8495853297825,1.28112471618946,0.277062673826345,4.6239527630937,3.76495639444543e-06,4.24182949142501e-05
"1559038_at",204.724627434084,-1.10593127741065,0.123110190490488,-8.98326347318994,2.6285212722776e-19,1.08648283963799e-16
"1559156_at",301.396152986102,1.10139673494974,0.17618286227855,6.251440808178,4.06683234738542e-10,1.51526736503851e-08
"1559347_at",20.9232123379948,1.55309959177663,0.188267376243924,8.2494355780706,1.59144371058975e-16,3.45082392786403e-14
"1559502_s_at",364.719516494513,1.10191243308525,0.193411595502865,5.697240799965,1.21761895654942e-08,2.87340694706141e-07
"1559975_at",129.590331650089,-1.20368648717838,0.203048240266081,-5.92808135446545,3.06494651531608e-09,8.7939365635761e-08
"1560112_at",117.629097512668,1.11948981000984,0.178034208089791,6.28806015440149,3.21457360009608e-10,1.22357309376895e-08
"1560349_at",59.6076378804381,1.39672268566373,0.217198327680014,6.43063277964757,1.27073820253235e-10,5.37857734556653e-09
"1560397_s_at",89.7764135367601,-1.41013557562754,0.249703799041055,-5.64723316602683,1.63050625076135e-08,3.71519486284588e-07
"1560776_at",30.6371244906816,1.06132136683124,0.192104578316198,5.52470626225439,3.30037303642378e-08,6.91440136743714e-07
"1561166_a_at",307.384657177927,-1.15136235627204,0.272977389714421,-4.217793852731,2.46704204993521e-05,0.000212514263721869
"1561923_a_at",21.0716341005462,-1.10819113781599,0.179560487581582,-6.1716870606764,6.75651303504984e-10,2.32125708869102e-08
"1562255_at",120.431992947874,-1.75897399146761,0.32453260442322,-5.42002241837542,5.95915621006159e-08,1.15405211113448e-06
"1562442_a_at",36.8236772994689,-1.20354310827164,0.240701015439915,-5.00015800129468,5.72833522070546e-07,8.48043502984406e-06
"1562957_at",30.0572941560828,-1.09371773262216,0.218922799341993,-4.9959060267341,5.85601735297557e-07,8.63517742784926e-06
"1563321_s_at",148.584692484627,-1.52974519636598,0.192789232566137,-7.93480619225557,2.10824280251788e-15,3.33960808968911e-13
"1563455_at",74.9146197328421,-1.01328159811565,0.215583637215524,-4.70017859983803,2.59934056305419e-06,3.11708772688285e-05
"1563468_at",31.1299777572746,1.73969410841311,0.219866535424208,7.91250066799189,2.52269516692008e-15,3.92561046739434e-13
"1563674_at",132.269445211973,-1.70772011216275,0.287579252498254,-5.93825909667498,2.88064541451895e-09,8.35576686356188e-08
"1564378_a_at",18.9565348034872,-2.15616828842552,0.366552011135108,-5.88229834491557,4.04608155233072e-09,1.12009201104205e-07
"1565823_at",115.556688312943,-1.59520462031216,0.168148929475735,-9.48685564211314,2.38108263810727e-21,1.43157182064749e-18
"1565852_at",53.2974169522922,-1.03409195530941,0.254324377641928,-4.06603552871107,4.78196488075706e-05,0.000374377327480164
"1565913_at",177.525111880047,-1.00009975682063,0.231700168824587,-4.316353164066,1.58628116217517e-05,0.000146163294546088
"1565915_at",54.1566292834831,-1.14631720776045,0.234729108482024,-4.88357500769119,1.0417949333434e-06,1.41775687378903e-05
"1566428_at",52.8984307059423,-1.81852562866656,0.283339438989967,-6.41818744029824,1.37906396873731e-10,5.77243009952163e-09
"1566518_at",49.180706956375,-1.15406964696032,0.135020680284691,-8.54735470541968,1.25941683773178e-17,3.50701189740594e-15
"1566880_at",40.9438637641573,-1.65506625956742,0.205322407677807,-8.06081653866321,7.57864977360722e-16,1.35463243993923e-13
"1566901_at",30.8593664658513,-1.26027911543112,0.168530142337094,-7.47806355560013,7.54257215317598e-14,7.85555920236682e-12
"1567045_at",62.5850632992295,-1.01971792603586,0.250576309441139,-4.06949056082012,4.71160483983323e-05,0.000369963770949683
"1568618_a_at",323.815433287219,-1.25480536830148,0.193579066705009,-6.48213357807768,9.04345169953979e-11,4.02076422285085e-09
"1568627_at",28.602061152105,-1.48367645360388,0.233804343707032,-6.34580363255783,2.21267323766858e-10,8.76258350737793e-09
"1568665_at",37.5397926851823,-1.34181068497323,0.241769019831792,-5.54996949529257,2.85719447951598e-08,6.12017998065714e-07
"1569302_at",43.4864184383343,-1.6256090333239,0.229954998967344,-7.0692485078559,1.55774967630438e-12,1.12592103652886e-10
"1569311_at",49.8985677053189,1.03877019071969,0.166414800298214,6.24205412534355,4.3186144820293e-10,1.60006481103086e-08
"1569385_s_at",26.8310524933509,-1.05496761164639,0.22802534323871,-4.6265366676457,3.71831062728621e-06,4.20000808429673e-05
"1569599_at",131.944739867668,-3.80010075877344,0.410922008730034,-9.24774209713849,2.29284787412989e-20,1.15342371741448e-17
"1569607_s_at",76.742325558418,-1.07415888994791,0.385785316246996,-2.7843436354643,0.00536361754932642,0.0194489586252342
"200604_s_at",582.378561293514,1.50753400271718,0.210196607759764,7.1720187056499,7.38998414400389e-13,5.81829287337735e-11
"200641_s_at",1482.03485293369,1.03780403619806,0.154253307261966,6.72792081167877,1.72104534671054e-11,9.1606707448452e-10
"200730_s_at",97.72114201457,1.22757118866501,0.267765044251419,4.58450875130803,4.55055029300249e-06,4.98882127853658e-05
"200769_s_at",92.8702527585318,1.65222038424005,0.216506294230936,7.6312810678738,2.32432300826321e-14,2.82053398443096e-12
"200842_s_at",431.253827101753,-1.03565482473993,0.159703819594021,-6.48484693335855,8.88219132520956e-11,3.95571530836858e-09
"200947_s_at",837.652425423995,1.22806767281549,0.140227996820273,8.75764968952292,1.99363626188985e-18,6.67590552810559e-16
"200986_at",79.1926237241755,-1.21218782191085,0.463512636607067,-2.61522065673144,0.008916982792263,0.0292925416458195
"201005_at",327.15755121715,1.00299415219438,0.306459791872829,3.27284093637507,0.0010647237771848,0.00512765388706478
"201011_at",602.669961715039,1.062158468127,0.110788499739268,9.58726285333498,9.04527355098363e-22,6.13547862865951e-19
"201048_x_at",45.9739872143578,1.02645279323179,0.164904318149832,6.22453556552202,4.82984579012485e-10,1.75265762046588e-08
"201123_s_at",623.641390805148,2.14186790989772,0.549948377214107,3.89467084301231,9.83321664863895e-05,0.000692013602615309
"201211_s_at",225.47396204269,1.39825196412484,0.170757750267182,8.18851245074973,2.6447457694288e-16,5.26045899131349e-14
"201291_s_at",24.2003459156906,-1.20328447778169,0.232011965269797,-5.18630354422642,2.14509078184488e-07,3.56429279075717e-06
"201538_s_at",37.1721436522755,1.33922567465627,0.189868750233893,7.05342860795432,1.74562090187782e-12,1.25145407420802e-10
"201551_s_at",144.608563047243,1.63420130815009,0.2318233019581,7.0493401411626,1.79768225705858e-12,1.28529422778994e-10
"201602_s_at",441.485866362115,-1.18598168575609,0.205685258664577,-5.76600235454955,8.11739254912809e-09,2.01631457741441e-07
"201693_s_at",21.0558695059997,-1.96632856515565,0.30785142316664,-6.38726482057311,1.68879041163402e-10,6.86255937778284e-09
"201694_s_at",120.21785286211,-1.35681630122714,0.390923482632792,-3.47079764072818,0.000518914894690922,0.0027935235295388
"201730_s_at",605.549323520743,-1.0106834809551,0.203222755355786,-4.97327909557014,6.58297794552076e-07,9.56846695443989e-06
"201747_s_at",49.1284101112288,1.17613452742542,0.14775684106956,7.95993281198886,1.72132723701846e-15,2.77658480049306e-13
"201867_s_at",143.54455750267,-2.47552747488371,0.325643882958978,-7.60194680271504,2.91708653359936e-14,3.42971587377055e-12
"201996_s_at",191.515279053738,-1.73202395470726,0.298980401455088,-5.7931019768446,6.90981217271775e-09,1.74920738006771e-07
"202018_s_at",128.803460083189,-3.8752110815563,0.398071102349556,-9.73497211599495,2.13876345229019e-22,1.71451055657226e-19
"202070_s_at",93.5051298299182,1.05490214170053,0.128418957555054,8.21453593600683,2.12986308758822e-16,4.3888372634341e-14
"202124_s_at",309.209746588477,-1.53924045538582,0.232745118282446,-6.61341671414945,3.75549329732478e-11,1.8363737465329e-09
"202203_s_at",64.0152749967027,1.84214761386792,0.46559012414384,3.95658653038527,7.60283564934994e-05,0.000554675715024554
"202223_at",91.5230706959605,1.49075386064153,0.1410621276572,10.5680658969235,4.19047514759951e-26,7.8412438182674e-23
"202236_s_at",67.7286007294862,1.13249394253941,0.128724873981897,8.79778637576044,1.39541352206462e-18,4.79406094970097e-16
"202379_s_at",1013.82118510808,-1.09315196035041,0.193678205805906,-5.6441660836424,1.659837870672e-08,3.77877375479838e-07
"202397_at",257.429226871689,1.03650215620826,0.184937930301283,5.60459476603686,2.08742757879319e-08,4.62873505191912e-07
"202411_at",131.099619229081,-4.32101451573071,0.833176192584354,-5.18619537402737,2.14633643897943e-07,3.56429279075717e-06
"202412_s_at",492.388622667559,-1.75056743480913,0.1928540020022,-9.07716415855946,1.11440458590747e-19,4.99668795179596e-17
"202480_s_at",53.5109749462962,1.23559351222321,0.203980579717847,6.05740759209687,1.38332760370909e-09,4.40898173837592e-08
"202581_at",97.4328357900833,1.8706823773844,0.18318335986111,10.212075915644,1.75078350705991e-24,2.31576134478815e-21
"202638_s_at",49.475816006115,1.28969607542729,0.227385943437766,5.67183729974174,1.41274116846278e-08,3.28406457561637e-07
"202732_at",112.05786917956,-1.10551329150846,0.255040296982606,-4.33466124603775,1.45984750202488e-05,0.000136221537278893
"202760_s_at",176.399701157867,-1.2515881055649,0.208135218157497,-6.01334131073297,1.81737831115803e-09,5.61646329945965e-08
"202859_x_at",165.719875050351,-2.14379355425814,0.479168876550307,-4.4739833056187,7.67757388554127e-06,7.76385854618152e-05
"203109_at",107.807133828808,1.13623144379145,0.201964532370767,5.62589594546015,1.84547572239534e-08,4.13380311263729e-07
"203153_at",548.21031678076,-1.79166845897875,0.523128065258128,-3.42491366448613,0.000614994818962223,0.00322223666881098
"203233_at",489.681657484067,-1.04745406576709,0.186289473470686,-5.62272277790249,1.87970922125895e-08,4.20692282057397e-07
"203311_s_at",237.550682549988,1.91188743537857,0.256273350177427,7.46034433176489,8.62966571628809e-14,8.91754597104239e-12
"203676_at",241.620012464394,1.10762415299506,0.159138986040409,6.96010563190223,3.40017694071183e-12,2.20461472523507e-10
"203923_s_at",2026.08678815311,1.38164193098296,0.175999959884257,7.85024003352943,4.15241757916336e-15,6.13676282900489e-13
"203939_at",79.8069824799566,-1.37037396007615,0.220133743381407,-6.22518810167974,4.80978596437331e-10,1.75006551726867e-08
"203958_s_at",42.0570927070766,-1.08902220169198,0.212132297923808,-5.13369351273007,2.84110621336271e-07,4.56613753148828e-06
"204004_at",39.8711734691437,-1.2264950178456,0.208508594931791,-5.88222762829905,4.04781115353518e-09,1.12009201104205e-07
"204018_x_at",26977.417781952,-2.06070889545725,0.224010781868128,-9.19915049745397,3.60790691682181e-20,1.70434945674293e-17
"204113_at",31.7584179009878,-1.4810648283408,0.205037141466029,-7.22339775979652,5.07044239246781e-13,4.16563611957588e-11
"204270_at",39.8966215654669,-1.1843573476699,0.188860222607347,-6.27107885037423,3.58554972825067e-10,1.34565990408975e-08
"204415_at",181.343375243582,1.0499192619452,0.367659046389656,2.85568727943786,0.00429437878443067,0.0161834048528436
"204419_x_at",549.179566884667,-3.91924664723811,0.526806679273506,-7.43962975686442,1.00967881796418e-13,1.03127580889669e-11
"204439_at",806.205876325576,-1.44738751030566,0.598635221556226,-2.41781214700832,0.0156141353639647,0.0462158988299448
"204466_s_at",577.932323962461,-1.0966851883486,0.242820380592214,-4.51644621293278,6.28860809047059e-06,6.50460061181095e-05
"204467_s_at",234.293314155548,-1.54333818118834,0.238418366503458,-6.47323527890187,9.5926404432491e-11,4.22939517142853e-09
"204505_s_at",197.401284287467,-1.19861410326003,0.321699644833185,-3.72587947332539,0.000194635395931499,0.00123652371853311
"204560_at",190.47637448447,1.12464486418533,0.208526529587293,5.39329392001668,6.91776559479715e-08,1.30622820160431e-06
"204581_at",133.552727129799,-1.85311414176963,0.295493611119408,-6.27124943496933,3.58162308146995e-10,1.34565990408975e-08
"204621_s_at",105.183754097108,-1.816436839888,0.305872426093697,-5.93854393181416,2.87564598603429e-09,8.35042139566971e-08
"204626_s_at",70.6349527860419,1.05273994795792,0.248858873345618,4.23026888213812,2.33412146752914e-05,0.000203449256349311
"204627_s_at",388.191746558238,1.45620404005324,0.380434808512276,3.82773607322594,0.000129327322799928,0.000874769879148374
"204713_s_at",127.899551296498,-1.93381607609359,0.292178600798849,-6.61860954500541,3.62593164419859e-11,1.78564652376968e-09
"204794_at",138.687496941971,-1.07601474815359,0.238796365090093,-4.50599299427208,6.60632669127282e-06,6.79221788927054e-05
"204808_s_at",176.607650475776,-1.19586146131466,0.17064585778861,-7.00785519679034,2.41999066631442e-12,1.61255498958896e-10
"204848_x_at",567.055399977519,-3.88180037541869,0.504960834607182,-7.68732960931199,1.50237729963626e-14,1.8835966390795e-12
"205033_s_at",2173.50756614866,-2.44520533408871,0.619509865608944,-3.94699982975284,7.91366131743082e-05,0.000574341980054803
"205049_s_at",528.620726877081,-1.41734511048974,0.355790638138826,-3.98364925480897,6.78650148262007e-05,0.000503449551938394
"205170_at",42.2236728481007,1.58268437069565,0.149839811449669,10.5625090914324,4.44615775587854e-26,7.8412438182674e-23
"205249_at",59.6615675674598,-1.73589277425547,0.465826294944725,-3.7264808644206,0.000194171806062312,0.0012347541880863
"205297_s_at",220.606955017774,-1.08413031770739,0.225233334614433,-4.81336530209111,1.48409644500305e-06,1.92806060642837e-05
"205321_at",601.948442884673,1.71613767463694,0.250160410976546,6.86014892579404,6.87887973316495e-12,4.09851091128706e-10
"205446_s_at",71.6841884635199,1.10503058800204,0.13195617404441,8.37422421500443,5.55888356305692e-17,1.38730854506706e-14
"205466_s_at",34.5553749729291,-1.69829280448134,0.279551245517752,-6.07506792300623,1.23935251019795e-09,3.98369760689872e-08
"205511_at",92.6126837980798,-1.3395122487749,0.263555955663156,-5.08245865817919,3.72580420041244e-07,5.80120213759333e-06
"205513_at",44.1283538901967,-2.14716571561896,0.28055055328058,-7.65340039615451,1.95733257099991e-14,2.41672778731487e-12
"205544_s_at",69.0848773427471,-1.42288949332387,0.242224801539308,-5.87425186967476,4.24757160653739e-09,1.16836508139055e-07
"205592_at",235.493374187953,-3.59972409141602,0.456352090109729,-7.88804120640813,3.06966416412326e-15,4.66694803435153e-13
"205624_at",36.1984531598958,-2.75232419642566,0.255645823276813,-10.7661614070082,4.97305167612391e-27,1.21751127784377e-23
"205655_at",60.6768523316785,1.65510647313325,0.190503175769053,8.68807811970407,3.68622286395974e-18,1.17488361015893e-15
"205671_s_at",122.688748161746,-1.54235326899726,0.249457280561686,-6.18283525549725,6.29604111844443e-10,2.19110152358759e-08
"205746_s_at",44.3797184825514,1.25911599757696,0.190902991999674,6.59558021793141,4.23595920189708e-11,2.04485519574791e-09
"205801_s_at",71.3573852284261,-1.19749363544086,0.197824382579208,-6.0533166833537,1.41893527776541e-09,4.5116002209142e-08
"205809_s_at",29.9273908434423,-1.01774815956887,0.238317278575257,-4.27055967428511,1.94983039046922e-05,0.000174559252165016
"205900_at",51.8642550369359,-1.78312526754615,0.404833990939954,-4.40458387253018,1.05987129498238e-05,0.000103460646632708
"205950_s_at",82.9869474001404,-2.11463329366817,0.260143004370647,-8.12873403528192,4.33796929727695e-16,8.25587336619888e-14
"206114_at",27.3419325683782,-1.1490719092058,0.260481829748394,-4.41133230028259,1.02736507709944e-05,0.000100510043452621
"206184_at",51.9735998435777,1.3270852555174,0.181956558379035,7.29341809572447,3.02188456895882e-13,2.74711114732772e-11
"206207_at",481.282997495287,-2.65804377056609,0.411015756494208,-6.46701185676698,9.99598091939276e-11,4.37804104704662e-09
"206255_at",56.6495556202312,-1.24170944240853,0.304706995420586,-4.07509332266757,4.59958977959884e-05,0.000362578815962119
"206398_s_at",133.189780690656,-1.12158885657361,0.37020172224045,-3.02966947259398,0.00244821506250055,0.0102120910222942
"206478_at",32.1962410343241,-1.88424103790072,0.272694210767625,-6.90972145171927,4.85606259976241e-12,2.99445874158776e-10
"206665_s_at",108.527915531864,-1.36260261866328,0.304667943348765,-4.4724187378764,7.73397940613278e-06,7.81790948451802e-05
"206676_at",31.9310777303852,-2.34851881214252,0.438439575832626,-5.35653928521969,8.48310621776662e-08,1.56275830003341e-06
"206693_at",32.0633883516782,-1.53892656284955,0.218143125824157,-7.05466448706738,1.73017677075649e-12,1.2437526166737e-10
"206759_at",50.1466743204793,-1.31346511080182,0.266071403723828,-4.9365136291202,7.9531481920212e-07,1.12564911753083e-05
"206760_s_at",46.0666540383533,-1.48330005547794,0.263139259236064,-5.63693939013206,1.73099001487972e-08,3.91381280800241e-07
"206788_s_at",163.532906855344,1.14265484321235,0.156753511890061,7.28950075462268,3.11105692389514e-13,2.79931632192932e-11
"206804_at",382.228434196701,-1.4477725255067,0.216147068732179,-6.69809002730725,2.11161171157727e-11,1.09530541604049e-09
"206834_at",310.318029638503,-3.42200069453501,0.392176207750322,-8.72567133576245,2.64606145599047e-18,8.64184071071257e-16
"207067_s_at",23.0410259981242,-1.55269653585759,0.218014687353964,-7.121981343104,1.0638646077816e-12,8.06403276053134e-11
"207269_at",37.8739765447029,-1.18763228770974,0.457609594910453,-2.59529586118522,0.0094509526120483,0.0306880447280135
"207509_s_at",284.929914047583,1.41277801200195,0.466669389446013,3.0273637910536,0.00246696865911999,0.0102822103211533
"207655_s_at",254.186405678907,-1.20687556474399,0.237629519991882,-5.07881160886588,3.798030901817e-07,5.8997715488354e-06
"207764_s_at",39.4370943743292,1.42755819787417,0.202984375516396,7.03284769698375,2.02360222102383e-12,1.39919440998617e-10
"208050_s_at",33.7482272135284,1.79868491738569,0.248889001657237,7.22685576867226,4.94304580692002e-13,4.11265295891442e-11
"208195_at",25.3603271379037,-1.033816336848,0.235163265347921,-4.39616423644433,1.10180580221943e-05,0.000107158715779091
"208248_x_at",1497.12118912665,1.15138381161371,0.164714812295774,6.99016558113911,2.74562006085315e-12,1.81128760822467e-10
"208304_at",25.8437893787551,-1.56022201798208,0.21378686028676,-7.29802578086087,2.9202069359349e-13,2.66383290631799e-11
"208610_s_at",369.439541468884,-2.62111727324421,0.320957184119653,-8.16656365064276,3.172980202332e-16,6.26403121436497e-14
"208650_s_at",128.753501181446,-1.46313653306254,0.290822695016835,-5.03102597607743,4.87862036210028e-07,7.3748013176572e-06
"208651_x_at",130.133673291633,-1.7368409728994,0.276292297702061,-6.28624463057713,3.25237311616211e-10,1.23440858558038e-08
"208698_s_at",638.589532530959,1.12841004461616,0.150609236045069,7.49230309008731,6.76754169261118e-14,7.13261147156718e-12
"208703_s_at",907.036720509275,1.38826726320724,0.18008224846934,7.70907335402136,1.26734557741326e-14,1.61781458709402e-12
"208704_x_at",1152.3267235567,1.29746656347347,0.170363718483746,7.61586196298748,2.61937503460441e-14,3.13542747354864e-12
"208710_s_at",71.2245003690837,-1.35025947962423,0.230017227403689,-5.87025369736534,4.35128774642343e-09,1.18443600709567e-07
"208719_s_at",29.8827268042909,1.18533272514333,0.207241495872445,5.71957232866576,1.06792508013266e-08,2.55355764077451e-07
"208835_s_at",848.776334212014,-1.29954614756921,0.173218323974471,-7.50235955268068,6.2679158095044e-14,6.68594535583183e-12
"208859_s_at",210.600948820551,-2.42082623076631,0.309374503673074,-7.82490542053355,5.08038715371908e-15,7.34407441335981e-13
"208900_s_at",123.313306407513,-1.53005346460058,0.223059628672253,-6.85939214419085,6.91541669479995e-12,4.11102097178063e-10
"208974_x_at",965.61336627129,-1.00950687344127,0.150689747034207,-6.69924061397562,2.09505385825899e-11,1.08885176358317e-09
"208993_s_at",632.361672503743,-1.54086519940293,0.221587456394368,-6.95375642861568,3.55685514307046e-12,2.29495234036063e-10
"208994_s_at",204.367484395515,-1.02242101058111,0.145750350607234,-7.01487856681945,2.30148756493516e-12,1.5531518378264e-10
"209060_x_at",261.795857000071,-1.36513474645367,0.216102042751661,-6.31708395289187,2.66544801854534e-10,1.03693767474409e-08
"209088_s_at",151.40171345284,-1.90103255417824,0.249754054759852,-7.61161838195639,2.70684806162525e-14,3.20214109712365e-12
"209116_x_at",31294.4200440699,-2.26571812904402,0.236528979673387,-9.5790297331543,9.79608598085697e-22,6.47864146343976e-19
"209254_at",39.3239596614266,-2.1817181170913,0.309776674254499,-7.04287410387427,1.88314368716269e-12,1.32491178457983e-10
"209257_s_at",210.464801137335,-1.38235218861706,0.195497086526375,-7.07096056099314,1.53864868952619e-12,1.11822561628367e-10
"209258_s_at",154.454304730875,-1.31760540533294,0.197685296642156,-6.66516644238861,2.64365577504441e-11,1.34232763671833e-09
"209264_s_at",51.8582670000335,1.07882115689836,0.176136591006152,6.12491221009655,9.07336199983385e-10,3.00408909065838e-08
"209369_at",18.1293056731802,-1.65529258521385,0.301695574053405,-5.48663198128599,4.09669369315134e-08,8.3428741307641e-07
"209374_s_at",3243.14607590756,-1.51867956186551,0.356915845213673,-4.25500739805018,2.09042103382257e-05,0.000185259624886909
"209376_x_at",562.989759543598,-1.52828452912305,0.203381862687393,-7.51435997747793,5.71900220015791e-14,6.17434784665971e-12
"209395_at",26.2048347009816,-1.65567002780715,0.217912583817383,-7.59786332116853,3.0106005051409e-14,3.49308884925427e-12
"209458_x_at",31156.3739991588,-2.0555439622608,0.219607549385124,-9.36007877696414,7.96772635200262e-21,4.39121318574745e-18
"209583_s_at",67.8882362683612,-2.24370263572852,0.30849335457981,-7.27309876345505,3.5133325587108e-13,3.08776410326032e-11
"209710_at",136.207667502138,-1.81482660384264,0.217812171010768,-8.33207159829886,7.94398792213058e-17,1.84342330256178e-14
"209722_s_at",22.4315982065519,1.52186661727796,0.17407039441803,8.74282282386972,2.27357083361084e-18,7.51813035404266e-16
"209727_at",66.1108631842186,1.10539978449024,0.198984512175909,5.55520513834279,2.77285920807887e-08,5.96852868108368e-07
"209771_x_at",290.626442894776,-1.89435813742594,0.320518754204623,-5.91028797090783,3.41510175112547e-09,9.67270896405495e-08
"209795_at",1359.97644942024,-1.28478105084596,0.187072809896716,-6.86781286684737,6.51936610179256e-12,3.92854922225103e-10
"209811_at",32.5061306974256,1.51438856065462,0.253629779738618,5.97086257857927,2.3600247050136e-09,7.00696897266328e-08
"209840_s_at",172.505366727279,-1.15787035275763,0.48601910094723,-2.38235565330866,0.0172022745814678,0.0499068255256639
"209890_at",133.034274347362,-1.89143101269376,0.322654293072944,-5.8620977724482,4.57055752962571e-09,1.23503093859774e-07
"209995_s_at",286.516876631383,-2.12503784390221,0.321963421162287,-6.60024619017536,4.10475562309023e-11,1.98877665298954e-09
"210109_at",57.2003736887184,-1.07331000330586,0.18633338642245,-5.76015937837613,8.40345497420611e-09,2.0776168026883e-07
"210145_at",88.2094778126101,1.00305310643842,0.187509291239062,5.34935148978612,8.82699602185048e-08,1.61822143286232e-06
"210148_at",158.945476600244,1.30416233993193,0.152399357973666,8.55753171976801,1.15309658680244e-17,3.2800018394916e-15
"210172_at",70.2165551767009,-1.85221945878262,0.307341184139313,-6.02659049411042,1.6745456980952e-09,5.26109642487058e-08
"210244_at",49.043861983545,-1.46918892484692,0.206835316866909,-7.10318212141831,1.21916571837664e-12,9.05949716683583e-11
"210254_at",83.5901408376826,-2.88698620037129,0.269135714081847,-10.726878854485,7.61240432954391e-27,1.67815453444796e-23
"210356_x_at",717.640879011824,-1.28044149054089,0.369318967275504,-3.46703420077992,0.000526234929065909,0.00282420905977508
"210369_at",47.7849308474755,-1.30065514486786,0.195903663422675,-6.63925892014388,3.15264178506046e-11,1.57954518526495e-09
"210379_s_at",53.2314609328755,1.31821115938241,0.344057895422603,3.83136436314959,0.000127434620819992,0.000863955781438251
"210407_at",64.8954033497348,-1.12573389930927,0.235244184371694,-4.78538460925592,1.70660211990409e-06,2.16841750624125e-05
"210426_x_at",133.141498047391,-1.12745869750534,0.224753042628694,-5.01643352329593,5.2639478151371e-07,7.88519113825803e-06
"210432_s_at",20.099496740294,-1.78445480594323,0.315819074715511,-5.65024391750455,1.60220326745004e-08,3.66356627070926e-07
"210448_s_at",530.037552450285,-1.43223567266027,0.27589252856454,-5.19128111265696,2.08852016852475e-07,3.48358843241826e-06
"210450_at",23.2911592457726,-1.19865302429782,0.243949160908145,-4.91353616399262,8.94482243481734e-07,1.24605757077756e-05
"210461_s_at",56.067478245079,-1.84063287941281,0.281215225835009,-6.54528172842504,5.9383331378584e-11,2.74158228322698e-09
"210470_x_at",655.415722371338,1.0821717537892,0.133788024521043,8.08870418457361,6.03028295049257e-16,1.10017313911952e-13
"210479_s_at",94.9078294844625,-1.46176380102916,0.227874157847574,-6.41478531324706,1.4102144930901e-10,5.85648574571516e-09
"210517_s_at",21.0407714256156,-1.79323875015568,0.289893408893413,-6.18585554256258,6.176655158164e-10,2.15563635295607e-08
"210543_s_at",147.632093234251,1.09043822565251,0.138972380527805,7.84643841827503,4.28018777084028e-15,6.25569543037617e-13
"210667_s_at",50.4649937844067,1.43465463539363,0.160921482162627,8.91524621892165,4.86733522836011e-19,1.86609400189911e-16
"210746_s_at",29.2453897190252,-1.97234248848966,0.294574801535895,-6.69555738714237,2.1485110937716e-11,1.11009204052019e-09
"210773_s_at",100.635072783723,1.0006483199081,0.161739391492233,6.18679414257693,6.14000610636701e-10,2.14567663854469e-08
"210943_s_at",187.5001164827,-1.4042219839028,0.264315516543875,-5.31267328632109,1.08028617369841e-07,1.94275257913106e-06
"210969_at",18.1236311825796,1.21618524417134,0.167873879570356,7.24463655265461,4.33600358448426e-13,3.70014963948215e-11
"211022_s_at",33.5119325967604,-2.10492665978235,0.293168092912982,-7.17993093609656,6.97466428351338e-13,5.54077384252441e-11
"211077_s_at",43.8713757381116,1.15720387160528,0.292267583874871,3.95939863142918,7.51387285727244e-05,0.00054909390211681
"211086_x_at",26.4695167497489,-1.01154453352376,0.212074234132697,-4.76976629273516,1.84439776940595e-06,2.3223083575376e-05
"211255_x_at",60.0643717759413,1.21182555680643,0.17429142851098,6.95286949656326,3.57929780805268e-12,2.30381372784004e-10
"211300_s_at",64.7387471985501,1.25055711130238,0.160238747865892,7.80433651634003,5.98153892329007e-15,8.46179843190991e-13
"211307_s_at",22.0140117008755,1.96884216940863,0.25540847902037,7.70860144095531,1.27203989610477e-14,1.61781458709402e-12
"211506_s_at",48.6886220464425,-2.15517910887255,0.399504815718124,-5.39462610731873,6.86663866635998e-08,1.29935664720949e-06
"211560_s_at",77.5802541807253,-3.48832116461393,0.438635404180203,-7.95266668255725,1.82538987520602e-15,2.92659780355757e-13
"211584_s_at",222.172685550133,-1.35654104912452,0.204597719192421,-6.63028431831496,3.35040894713949e-11,1.66600974224865e-09
"211650_x_at",136.754100702485,-1.08818603287655,0.310830551690559,-3.50089792318702,0.000463693414300271,0.00254281624832077
"211672_s_at",499.697155230752,1.54755778128668,0.199834267725512,7.74420623099723,9.6180791704082e-15,1.27857621293457e-12
"211696_x_at",24782.2768386269,-1.9937630684524,0.209300469807453,-9.52584134324482,1.63710379418787e-21,1.05629131149868e-18
"211699_x_at",34903.1457561139,-2.6061338867016,0.247806620391713,-10.5168049287062,7.22833071608149e-26,1.19511412977012e-22
"211745_x_at",30118.4815646154,-1.98423653759209,0.215459651200248,-9.20931843404847,3.28202197940569e-20,1.57859289896724e-17
"211748_x_at",593.278637201207,1.05642959761267,0.283097614712106,3.73167961406882,0.000190207317379345,0.00121481032688392
"211947_s_at",38.7571107859067,-1.49841185529322,0.215859005941973,-6.9416230689769,3.87620330901452e-12,2.45901876107122e-10
"211965_at",134.90879393024,-1.19349646332056,0.198988157370114,-5.99782659980453,1.99975887273821e-09,6.09186307579697e-08
"211993_at",46.4712269338696,-1.00304901647866,0.224879380346402,-4.46038678572295,8.18118680918038e-06,8.19792105492643e-05
"212007_at",366.991486579366,-1.11224573967257,0.203312603422755,-5.47061874644261,4.48467105665308e-08,9.07014435265296e-07
"212027_at",509.726937779595,-2.26270792326634,0.255963345271741,-8.83996855434187,9.57455465826175e-19,3.42277390445481e-16
"212028_at",203.02171285628,-1.33458590068176,0.196390666399118,-6.79556684211013,1.07887480553391e-11,6.06416375922701e-10
"212078_s_at",152.588919364007,-1.19050012963912,0.149900557503176,-7.94193263499967,1.99055045491259e-15,3.17216998399143e-13
"212079_s_at",34.4040196536421,-1.00145946876339,0.215532593700419,-4.64644094691023,3.37710747733031e-06,3.88088623828393e-05
"212177_at",551.664046769977,-1.38707193148236,0.191100069923858,-7.25835386682499,3.91829388000719e-13,3.38235826430996e-11
"212182_at",30.3305732404918,1.13296130568923,0.195611870202277,5.79188422725915,6.96011155922256e-09,1.76025612990128e-07
"212187_x_at",555.17645438859,1.18326848441772,0.303601033869939,3.89744550384049,9.7212688665703e-05,0.000684681700203011
"212382_at",134.43179307004,-1.28095384410264,0.184348573629322,-6.94854220395715,3.69080095912088e-12,2.35836832300927e-10
"212384_at",86.9542819600625,-1.87534942832944,0.240892742261728,-7.78499763306231,6.9714512567827e-15,9.63797494926784e-13
"212451_at",176.557242378417,-1.53822853219798,0.244295529065274,-6.29658896371773,3.04266685832093e-10,1.16653201550756e-08
"212487_at",148.009958965655,-1.35889355801305,0.224935525826532,-6.0412580583692,1.52917175807775e-09,4.83305969990307e-08
"212492_s_at",287.94112582556,-1.42310096471291,0.196405439254321,-7.2457309233181,4.30113266641163e-13,3.68227066528327e-11
"212634_at",321.155051061839,-1.25771426145861,0.193390156104242,-6.50350714221809,7.84686944325565e-11,3.54839460259633e-09
"212715_s_at",21.0820279730278,-1.04784335543729,0.221884697225995,-4.72246787875612,2.32999898002543e-06,2.84045129113331e-05
"212758_s_at",44.3957987406025,-1.75022888595336,0.270489668319981,-6.47059422573912,9.76182565378552e-11,4.28968996420668e-09
"212794_s_at",675.191913000053,-2.19895570626447,0.262581290138306,-8.37438076835651,5.55149948721283e-17,1.38730854506706e-14
"212797_at",28.892390766265,1.18315448121998,0.210236779642951,5.62772357543411,1.82603403394405e-08,4.10012659649549e-07
"212827_at",2436.88726013838,-2.29397554151375,0.399354173550912,-5.74421326592522,9.23493372837126e-09,2.24747871987427e-07
"212862_at",97.4251155591827,1.07158038064409,0.180822375837386,5.92614921511577,3.10120813431415e-09,8.88833802655974e-08
"213131_at",65.1732806920077,1.01230260808957,0.408464129048635,2.47831458406728,0.0132004700929173,0.040305313462377
"213328_at",86.3956309301432,-1.51895798542834,0.243053503943601,-6.24947989139383,4.11821756290262e-10,1.53225495652638e-08
"213341_at",69.9259098307783,1.07161163967838,0.171928283307724,6.23289908479086,4.5788115663211e-10,1.67789030416351e-08
"213470_s_at",151.145460752259,1.02549010411728,0.246904595880068,4.15338604962787,3.2759137874875e-05,0.00027090035428007
"213515_x_at",604.74694543006,-4.02897177341547,0.503488749462747,-8.00210884099125,1.22306199924931e-15,2.07403090565008e-13
"213524_s_at",105.833713299879,-2.56421855147349,0.28566345411526,-8.97636192006165,2.79867663261595e-19,1.13901833291111e-16
"213674_x_at",384.880791993905,-2.82821059740382,0.42167262705883,-6.70712400074581,1.98497582446576e-11,1.0398128804043e-09
"213747_at",299.374613554008,-2.84026176114424,0.261341832691124,-10.8679951154284,1.63759826141854e-27,5.41512805094574e-24
"213797_at",266.244867466156,-1.77966917689231,0.534155009930485,-3.33174667241989,0.000863027777035441,0.00428856038636903
"213850_s_at",682.506131147813,-1.71358701335436,0.220126126704297,-7.78456896057721,6.9951281101513e-15,9.63797494926784e-13
"213998_s_at",306.508803844379,-1.42969997110527,0.347813829517417,-4.11053227264983,3.94748100682343e-05,0.000318471066039973
"214040_s_at",52.9092512444779,1.09842850320288,0.174060099695106,6.3106277953819,2.7790582312745e-10,1.07638662445294e-08
"214041_x_at",1527.90510757228,-1.05254113517721,0.212650608740354,-4.94962672061926,7.43559521334661e-07,1.06497691269015e-05
"214052_x_at",28.943288383699,-1.36659039827782,0.231937601100026,-5.89206058783225,3.81409270880671e-09,1.06432498437524e-07
"214055_x_at",482.075430345103,-1.09685663741433,0.197552286103076,-5.55223459596937,2.82040735114713e-08,6.05118054073367e-07
"214315_x_at",552.942913450928,-1.46916158088572,0.157938344382489,-9.30212094238341,1.37671549751513e-20,7.43257791250309e-18
"214352_s_at",919.933509521866,-1.50977661515148,0.209958972511963,-7.19081731582325,6.44046090214851e-13,5.17860038618348e-11
"214373_at",29.066166695683,-1.04911443354565,0.188464709539722,-5.56663598244918,2.59704129298821e-08,5.62671010357985e-07
"214414_x_at",37552.9231669736,-1.76131428042571,0.190295135987887,-9.2556978468321,2.12835499654207e-20,1.10399025644164e-17
"214433_s_at",22.9217127708644,-2.6760803577068,0.320623284605164,-8.34649411380802,7.03191448704189e-17,1.67587626883069e-14
"214453_s_at",796.841702452505,-1.21084130547931,0.460672593020035,-2.62842053950157,0.00857823939050832,0.0283802832461865
"214693_x_at",1525.87099812901,-1.07206416362439,0.189576545633967,-5.65504640903376,1.55804168140635e-08,3.57161478682181e-07
"214805_at",490.301500419665,-1.60368453327803,0.164133758138561,-9.77059534531713,1.50564685654789e-22,1.24469943572243e-19
"214877_at",38.0092127161046,1.4876805552608,0.255885647685225,5.81384914987828,6.10524358140714e-09,1.57390617109589e-07
"214888_at",18.9014044569026,-1.00227332530594,0.216002822815518,-4.64009364434071,3.48251331913213e-06,3.97782415130922e-05
"214916_x_at",491.431374793966,-1.31294492665926,0.298748581751262,-4.39481559699056,1.10866826215727e-05,0.000107746914794667
"214971_s_at",110.939807949955,1.11546158970719,0.195952269537577,5.69251681717971,1.25180264380275e-08,2.93834845955262e-07
"215047_at",302.753129045314,-1.11950501687249,0.271416683198416,-4.12467282290855,3.71262132503125e-05,0.000301731749715443
"215101_s_at",99.1342962740076,1.1717447953922,0.398029690485904,2.94386279064198,0.00324143669811923,0.0128539898683925
"215159_s_at",111.316711094205,1.12257898727797,0.173278169829979,6.47847901659767,9.26518132526019e-11,4.10554617719318e-09
"215214_at",155.384638195741,-1.06827421404356,0.276578972802434,-3.86245636542532,0.000112252619629169,0.000775334412446485
"215224_at",24.8807575651467,-1.67752685541656,0.257153223824849,-6.52345255667163,6.8707151974245e-11,3.14460034312574e-09
"215322_at",61.9669331401115,-1.23280644828415,0.166166348747481,-7.41911017228655,1.17909803134386e-13,1.18150982277161e-11
"215434_x_at",484.476659751086,-1.35178473643502,0.208064479808808,-6.4969510301671,8.1964126632307e-11,3.68754932981471e-09
"215621_s_at",129.145548141125,-2.36469543838345,0.372760621701498,-6.34373724238787,2.24257190220706e-10,8.8591706471276e-09
"215666_at",122.473584070842,2.67805612272965,0.777246124783603,3.44557024774521,0.000569855830379325,0.00302467217834163
"215708_s_at",73.3287695637323,1.23627895719779,0.183257543298182,6.7461286173973,1.51842031884585e-11,8.19761043158122e-10
"215780_s_at",557.523651987811,1.01706991312513,0.18185056889773,5.5928882669436,2.23323016293656e-08,4.92199489380732e-07
"215784_at",23.447877593506,1.05693836068465,0.216178165516293,4.88920034158117,1.0124641550136e-06,1.38738576164279e-05
"215794_x_at",124.788008392878,1.05621058224383,0.13511542757937,7.81709832227256,5.40548820401816e-15,7.68799919081164e-13
"215838_at",103.821436191741,2.03317044248214,0.269814124905616,7.53544849882623,4.8665923746605e-14,5.40927876803651e-12
"215891_s_at",75.4039891892471,1.79013249313188,0.284420086423466,6.29397352220265,3.09440630831633e-10,1.18123267648197e-08
"215905_s_at",92.8238894589662,1.68488286065996,0.208216365645845,8.09198093259285,5.87021009064176e-16,1.09359533618195e-13
"215925_s_at",159.756568426317,-1.37642044299641,0.36505852598987,-3.77041034520204,0.000162979345718898,0.0010603678336566
"215936_s_at",827.459336414205,-1.57224548273611,0.211826806354999,-7.42231594664747,1.15089863633708e-13,1.15763773861829e-11
"216080_s_at",34.0366956124677,-1.02211266663927,0.207683639889521,-4.9214886024869,8.58884050386859e-07,1.20343848882066e-05
"216094_at",49.1270881634386,1.14535999669838,0.157417618710152,7.27593268201634,3.44035126673141e-13,3.04384790669274e-11
"216166_at",32.8441134827931,1.0163397067073,0.223457186382387,4.54825250045041,5.40932104090209e-06,5.74460774050678e-05
"216243_s_at",76.3109057715176,1.03718987961786,0.185242104826919,5.59910437525506,2.15462048484204e-08,4.76574668110462e-07
"216361_s_at",18.8267196207098,-1.41804479066579,0.229004234585738,-6.19222082609519,5.93223602599711e-10,2.08685334882617e-08
"216370_s_at",54.3857415048086,1.18426757446122,0.348996085133753,3.39335489682455,0.000690421256352287,0.00354304634637117
"216379_x_at",273.390259536806,-1.9994493073297,0.303237813524626,-6.59366747203946,4.29092214345952e-11,2.06761483393585e-09
"216491_x_at",130.588107646511,-1.1070636052247,0.318805464718707,-3.47253647675551,0.000515564945513072,0.00277948343403109
"216510_x_at",157.924385310614,-1.15107917306189,0.294805881383782,-3.90453259500409,9.4407668068152e-05,0.000668485131444029
"216550_x_at",343.398892882143,-1.42221561438755,0.23342608453759,-6.09278786132629,1.10961065097547e-09,3.62838568119965e-08
"216563_at",38.6284010869344,-2.10520747256509,0.360299433097175,-5.84293862043712,5.12879190170801e-09,1.36085316918539e-07
"216607_s_at",82.4674123084766,1.13576177259985,0.182561308277276,6.22126223413587,4.93171088099011e-10,1.77743160280262e-08
"217232_x_at",21344.398481215,-2.28374385904703,0.235201324517882,-9.70974063912386,2.74033516531033e-22,2.13214195479763e-19
"217301_x_at",379.389344619463,1.0867778058268,0.136080223613153,7.98630232204995,1.39046445630347e-15,2.31341803314792e-13
"217414_x_at",22554.5230004775,-2.23182533641126,0.214475473915499,-10.4059699492287,2.32872320761586e-25,3.42244687412611e-22
"217418_x_at",708.646300891023,-1.20221055959126,0.364079462198931,-3.30205541485441,0.000959791063336241,0.00468715392089661
"217422_s_at",49.0968888934968,-2.09319821581899,0.283493307748044,-7.38358951908429,1.54077986546707e-13,1.50405131221645e-11
"217534_at",233.617129486339,1.11997942767593,0.186818214235374,5.99502266018266,2.03457070025599e-09,6.18649808098529e-08
"217538_at",41.0185054080216,-1.22530313662967,0.214896298373998,-5.70183454019852,1.18524847946631e-08,2.80300804960489e-07
"217572_at",45.9623217224421,-1.73076440762741,0.295629864060433,-5.85449786383423,4.78453360894111e-09,1.28237134843899e-07
"217593_at",74.1195938314445,-1.13866685264883,0.253266163810586,-4.49592963985675,6.92666403160866e-06,7.09399807557783e-05
"217649_at",41.5788621474554,-1.03348698893201,0.285105592185375,-3.62492710511282,0.000289042967985194,0.00172214925114422
"217749_at",72.607180319991,1.21773212641605,0.129708601539887,9.38821413506321,6.10261610118243e-21,3.50953492044956e-18
"217818_s_at",220.085527475966,1.2410570051247,0.143095740478634,8.67291367984504,4.21201254659003e-18,1.32648309413682e-15
"217960_s_at",108.866653521068,1.56073290048692,0.201112659674078,7.76049057784941,8.46014896964544e-15,1.15094165762453e-12
"217979_at",427.165343475422,-1.44000214401588,0.213506091015397,-6.74454830383287,1.53503816375578e-11,8.26316217435613e-10
"218340_s_at",141.986302252823,1.45282086776743,0.312263045947457,4.65255459018321,3.27847905880632e-06,3.78894211540684e-05
"218859_s_at",268.99137386533,-1.65089517472615,0.198544537293122,-8.31498663843288,9.17626076142003e-17,2.08761831907007e-14
"219073_s_at",101.799198428425,-1.37160482755901,0.261996800881593,-5.23519685333446,1.64809115842349e-07,2.82924098020345e-06
"219158_s_at",185.18893318645,-1.44792209672205,0.225020148975395,-6.43463309092548,1.23771945728478e-10,5.25563892825225e-09
"219300_s_at",28.1117424983325,-1.64638679373037,0.312647432725488,-5.2659533436052,1.39463703477852e-07,2.44006138346766e-06
"219437_s_at",70.7394263267645,-2.77798789122322,0.351996535546949,-7.89208873009687,2.97170315719515e-15,4.57054856514189e-13
"219496_at",35.5673487423759,1.0259930461018,0.197464492653388,5.19583562753602,2.03802278631914e-07,3.41226929046118e-06
"219519_s_at",27.9211402075803,-1.54332779591782,0.492664686082733,-3.13261299117886,0.00173257725631456,0.00766832838188814
"219529_at",279.817368797808,1.01578294129317,0.287442800158911,3.53386113943922,0.0004095361782544,0.00230409826872435
"219549_s_at",715.647409683585,1.22250581617611,0.180223192233423,6.78328799432614,1.17471131441486e-11,6.52853216628795e-10
"219667_s_at",637.887353259119,-1.42298151888578,0.275737362422252,-5.16064093159305,2.46105811897179e-07,4.0437783527503e-06
"219672_at",32.282673370342,-1.75376177718026,0.21998280967018,-7.97226737766315,1.55789292857652e-15,2.55978257966232e-13
"219737_s_at",109.920554807519,-1.46389210990548,0.440102148868184,-3.32625531065955,0.000880212642161818,0.0043564350300746
"219753_at",18.8201171215656,-1.23218595001512,0.253482818772023,-4.86102354386125,1.16780362204815e-06,1.56738087354955e-05
"219754_at",124.291835889409,-1.19047250957904,0.172009788415327,-6.92095793237404,4.48599702196892e-12,2.80549799572496e-10
"219872_at",135.751799956469,1.21630022196135,0.206865741091999,5.87965999367885,4.11110060995286e-09,1.13641646327788e-07
"219878_s_at",188.672466261617,-2.1359563869333,0.264623860643284,-8.07166965874099,6.93432798305722e-16,1.24789600315507e-13
"220059_at",200.979054724662,-1.87618804620755,0.261686086146544,-7.16961330973055,7.52098978941701e-13,5.90386539730675e-11
"220068_at",58.6623072913124,-1.73553940579729,0.287735936882872,-6.03170888071509,1.62234847122132e-09,5.10316366916633e-08
"220072_at",67.7834875390688,-1.75574718989409,0.251716498819597,-6.97509777121289,3.05658171638469e-12,2.00145576052576e-10
"220187_at",39.9924521198696,1.08375109762743,0.29725828565058,3.64582300962793,0.000266537384363821,0.00161054818774795
"220306_at",70.3975312849272,-1.01062955842322,0.265704966806756,-3.80357797059261,0.00014262107546102,0.000948679389048488
"220609_at",64.786773960422,-1.00834057384382,0.206214787644164,-4.88975880616173,1.0095960539227e-06,1.38526213747257e-05
"220800_s_at",113.518014328654,1.01234956474558,0.143848527548239,7.0376081145919,1.95567783563902e-12,1.36146056484196e-10
"220900_at",29.40724977054,1.44915115326914,0.240919689807157,6.01507977379975,1.79798135571494e-09,5.57606081876706e-08
"220940_at",308.232385551496,-1.15492368263725,0.208383304554815,-5.54230428922608,2.98516967092454e-08,6.36852245763207e-07
"221002_s_at",212.784029922539,1.02501815547247,0.168702344619087,6.07589750923061,1.23296143721777e-09,3.97280899636526e-08
"221082_s_at",66.967188110174,1.06010790589045,0.124924308492466,8.48600179327292,2.13868146355832e-17,5.65766794369718e-15
"221123_x_at",78.4394167018849,-1.27148691894374,0.166274968643023,-7.64689315126865,2.05893269592741e-14,2.52162062676221e-12
"221264_s_at",242.626199008342,-1.29399975414662,0.204728306684929,-6.32057078525072,2.60598923686012e-10,1.01829895527175e-08
"221342_at",50.1177690051003,1.05844173683811,0.303671416549595,3.48548358243407,0.000491248367338336,0.00267176897811849
"221479_s_at",1559.95402964422,-1.120875078675,0.271718057678975,-4.12514018482817,3.70509011222369e-05,0.00030130480734327
"221683_s_at",27.5364363540288,-1.40769048227711,0.235528327592128,-5.97673535352762,2.27653573372744e-09,6.79723208803903e-08
"221824_s_at",645.354332592545,-1.03323554998134,0.223546224126413,-4.62202192865963,3.800178314885e-06,4.27786881455183e-05
"221969_at",257.161656175576,-1.16589672653632,0.299633208303018,-3.89107980767357,9.97990981834932e-05,0.000700287889481732
"222040_at",336.023690685705,-1.16002762344034,0.169734248327528,-6.83437570714598,8.23629099208646e-12,4.76767706574738e-10
"222285_at",73.2894928544169,-1.93944207134775,0.286656812782049,-6.76572816297355,1.32640382489477e-11,7.26473846454787e-10
"222439_s_at",84.007676094251,-2.64264867166457,0.316686133217097,-8.34469335559116,7.13989004854272e-17,1.68641652985847e-14
"222529_at",1586.95608176573,-1.90367800115866,0.310339591141611,-6.13417706118583,8.56011385573561e-10,2.85650889986176e-08
"222544_s_at",876.122089358838,-1.31395581825225,0.16343573418085,-8.03958708808621,9.01417028758276e-16,1.57921099859414e-13
"222633_at",443.710730256068,-1.97812812225478,0.246178812035593,-8.03533052214412,9.33269779770927e-16,1.62425781276711e-13
"222667_s_at",579.678153135483,-1.32453735725444,0.199920279285273,-6.62532766555619,3.46478744973139e-11,1.71643234447929e-09
"222679_s_at",275.662196036031,-1.1136747225131,0.214307988350746,-5.19660854027715,2.02957120254504e-07,3.40027084180661e-06
"222737_s_at",306.919859413289,-1.15776050305293,0.162129925897855,-7.14094265226733,9.2693021017248e-13,7.10753964634863e-11
"222891_s_at",344.06693059476,-1.0697611185277,0.142038413301938,-7.53149161314309,5.01639342022882e-14,5.50637641239557e-12
"222915_s_at",181.651720568251,-1.59493165887237,0.267653679395823,-5.9589379173588,2.5388251766771e-09,7.47907363294165e-08
"222922_at",139.686705771971,1.35208796911603,0.241915490356649,5.58909215413484,2.28259801235674e-08,5.01110770281204e-07
"222923_s_at",93.5986948865705,1.59031242884851,0.217078684786074,7.32597228703372,2.37172805028491e-13,2.21883504811885e-11
"223216_x_at",76.5163875803681,-1.24555681800217,0.138921122334899,-8.965928269709,3.07678196663698e-19,1.21482373351365e-16
"223217_s_at",974.571516324334,-1.91623116899935,0.240547208755111,-7.96613346260097,1.63716125108816e-15,2.65702231510958e-13
"223246_s_at",45.5421155602419,-1.11249518844618,0.163760356676532,-6.79343408272879,1.09495280088771e-11,6.13683927853461e-10
"223266_at",492.260612621515,-2.33950253306918,0.353442755991934,-6.61918371053719,3.61187758264681e-11,1.78262331289811e-09
"223287_s_at",1726.97137446302,-1.30757692671443,0.141406973780029,-9.24690552213135,2.31085873678715e-20,1.15342371741448e-17
"223568_s_at",100.437178481965,-1.27351042073036,0.181417633232675,-7.01977199259916,2.22230600185527e-12,1.51171435851624e-10
"223569_at",66.0349319841119,-1.51360754693138,0.207606240419116,-7.29076131755824,3.08208371874382e-13,2.78271135480031e-11
"223577_x_at",451.769099302869,-1.11830651195158,0.20597127208807,-5.42942955400795,5.65344628126914e-08,1.10618541364418e-06
"223578_x_at",99.4508655168003,-3.46881875171879,0.319787386933348,-10.8472656941963,2.05480549811378e-27,6.03975829412244e-24
"223670_s_at",51.3993354320961,-1.07362438558065,0.23654273218102,-4.53881789426123,5.65704633640207e-06,5.95983686910316e-05
"223674_s_at",28.148116295281,1.38784293222012,0.267778118030102,5.18280934390654,2.18568433422685e-07,3.62091276044144e-06
"223940_x_at",1119.46194390424,-3.7394701326273,0.379621094180996,-9.85053304452148,6.81814026739204e-23,6.21955457357203e-20
"223984_s_at",150.908417488356,-1.82120765702019,0.235070939322004,-7.74748108921057,9.3733287553471e-15,1.25869055276118e-12
"224098_at",18.5264938216014,-1.12293878668625,0.238325129108821,-4.71179346838204,2.45546168257763e-06,2.97557413426058e-05
"224567_x_at",5724.18391414085,-4.1301090618176,0.379335977956868,-10.8877335708115,1.31881466196172e-27,4.9839890096479e-24
"224568_x_at",531.389270400381,-3.79697816230516,0.399891528086416,-9.4950202633066,2.20168554874513e-21,1.35449743038381e-18
"224875_at",290.255097926336,-1.36174244760958,0.20253091593388,-6.7236275574547,1.77255166360222e-11,9.39701036251166e-10
"225041_at",769.252511331069,-1.23657962931594,0.191480904879425,-6.45797882611124,1.06110583531338e-10,4.59418883263176e-09
"225081_s_at",193.680087700881,-1.31352942774712,0.218404233045966,-6.01421231369023,1.80763471840499e-09,5.5994342904784e-08
"225095_at",203.164205890445,1.005999852371,0.153430580770786,6.55671018982775,5.50077674481543e-11,2.58468113689782e-09
"225173_at",124.476023627282,-1.14103418947218,0.260962597833504,-4.37240508388936,1.22885247141391e-05,0.000117911002099324
"225239_at",1715.00723731198,-2.24717184606984,0.169460934416013,-13.2607072763638,3.91188828865384e-40,1.03485092788049e-35
"225507_at",756.185962666469,-1.46196301670026,0.186231505818585,-7.85024537214669,4.15224081852801e-15,6.13676282900489e-13
"225640_at",882.285476905,-1.63324424177234,0.232059145447065,-7.03805160803238,1.94946490122405e-12,1.36146056484196e-10
"226123_at",196.775092276341,-1.05271708742871,0.166645134172187,-6.31711866450889,2.66484962447192e-10,1.03693767474409e-08
"226150_at",289.221315115436,-1.5879688425234,0.193010366247473,-8.22737593527667,1.91359160636395e-16,4.04977218838015e-14
"226223_at",28.3394008619562,-1.07088235749158,0.197281293524514,-5.42820020266401,5.69251657238698e-08,1.11150102964757e-06
"226250_at",52.4871349003969,-1.05243289562775,0.137953017186126,-7.62892263681201,2.36723634533813e-14,2.85949179358789e-12
"226319_s_at",262.955681849994,1.97894271392629,0.21296763370361,9.29222285805372,1.51099155569356e-20,7.99435412286347e-18
"226320_at",98.7651401178965,1.04790834195846,0.152933699482622,6.85204337241273,7.2802474183185e-12,4.28934666379059e-10
"226384_at",193.657829865719,-1.22219001536868,0.183124507254398,-6.67409312763804,2.48765617532059e-11,1.2728908406563e-09
"226533_at",66.7026760304448,1.70812746395379,0.182461437434997,9.36158066036462,7.85525965494864e-21,4.39121318574745e-18
"226537_at",34.5890657930662,1.74118575231793,0.176576381914148,9.86080773341758,6.15522134759626e-23,5.81536519747541e-20
"226663_at",260.921527505199,1.02699107938931,0.203585151590674,5.04452840182652,4.54641300701462e-07,6.93203514049365e-06
"226675_s_at",1748.80791702037,-1.52714639196901,0.197761020415988,-7.72218098772284,1.14355857271345e-14,1.482926396204e-12
"226869_at",38.7671450921919,-1.03144322270177,0.186245365177891,-5.53808800405095,3.05791605229395e-08,6.50797355168014e-07
"226928_x_at",51.148531358529,-1.22000021504082,0.179521330891726,-6.79585099431238,1.07675023493511e-11,6.06416375922701e-10
"227062_at",366.530824242689,-2.5880102784668,0.235069848730707,-11.0095373457767,3.43764452326114e-28,1.51565747030584e-24
"227082_at",35.8022939315095,-1.25216255129914,0.260630536515226,-4.80435856842119,1.55248393512968e-06,2.00632193551151e-05
"227198_at",173.793307854739,-1.35494423975171,0.262615884791457,-5.15941463642867,2.47723139254832e-07,4.06026513373441e-06
"227223_at",617.887062246557,-1.52341759367552,0.242924677275019,-6.27115207382095,3.58386370033389e-10,1.34565990408975e-08
"227404_s_at",530.442988185244,-1.75615770251552,0.467978599966398,-3.75264531891334,0.00017497833859866,0.00113064899103297
"227510_x_at",390.259021112582,-3.4634527202954,0.299592237003343,-11.5605556236651,6.52849910203429e-31,5.75683050817383e-27
"227646_at",67.6572604717119,-1.68180004220619,0.289281602443719,-5.81371241032652,6.11023526769291e-09,1.57390617109589e-07
"227744_s_at",18.7848054551108,-1.0937323506745,0.187516461878406,-5.8327271094936,5.45287097343355e-09,1.43675546545031e-07
"227952_at",39.9603567871776,1.65182456922923,0.491767850270919,3.35895192888113,0.000782386759963491,0.00394308617795279
"228188_at",208.861556831798,1.00791551458553,0.266413545474503,3.7832742805564,0.000154778689791143,0.00101575675012029
"228315_at",105.602844584874,-1.24029549727991,0.236785470238828,-5.23805576427014,1.62277035042726e-07,2.79120720742541e-06
"228377_at",36.534204220376,-1.70635934356279,0.265288866407276,-6.43208049652246,1.25869046668962e-10,5.33612141118704e-09
"228390_at",119.812503194285,-1.34809756132732,0.190507401391687,-7.07635268487866,1.47997921843875e-12,1.08152956476737e-10
"228527_s_at",88.017814005151,-2.14280624155674,0.394605372923509,-5.4302510522889,5.62748303587237e-08,1.10192032739428e-06
"228556_at",51.7762668996533,-1.51853326769979,0.222038632531702,-6.83904981032063,7.97201657075667e-12,4.62481856058765e-10
"228582_x_at",1308.06893411862,-1.22009533780539,0.254528441973309,-4.79355206179014,1.63853911849051e-06,2.09957252726367e-05
"228592_at",4433.58283227971,-1.45057939374001,0.369134635341093,-3.92967566535616,8.50605165212085e-05,0.000609473150009747
"228599_at",431.831142474851,-1.5463980593233,0.364628901979289,-4.24101888503379,2.22507412191568e-05,0.000195301641681455
"228697_at",265.383695834209,2.81883968449902,0.251893255326545,11.1906119949293,4.53294060674279e-29,2.99786027026934e-25
"228818_at",42.7668176301247,-1.17608110776979,0.217681849407935,-5.40275227800834,6.56260630889306e-08,1.25077224276266e-06
"228866_at",96.7362197166875,-1.35067681651925,0.263606330365193,-5.12384059460204,2.993741079598e-07,4.77233005957973e-06
"229010_at",39.4123167347506,-1.239203671919,0.241977008150286,-5.12116287986074,3.03657213946579e-07,4.83621188304805e-06
"229036_at",89.1065632044161,-1.13962962761177,0.20314145558248,-5.61002984026103,2.02291731081208e-08,4.50077834652841e-07
"229045_at",53.3861222397655,1.76540524929644,0.263233683929384,6.70660845125744,1.99199816021992e-11,1.0414292357798e-09
"229072_at",75.8496130123505,-1.06262549682688,0.192891131386079,-5.50893910565536,3.61002751511133e-08,7.45508726656948e-07
"229115_at",85.7780275155446,-1.03608937564813,0.220000142850682,-4.70949410406218,2.48332397183799e-06,3.00383412670334e-05
"229274_at",327.540518206345,-3.10863680575538,0.291208999000156,-10.6749338668401,1.33352443389675e-26,2.71361964417728e-23
"229353_s_at",1652.39671883859,-1.06980149707315,0.163013272862574,-6.56266497989419,5.2854509705359e-11,2.50575842248310e-09
"229389_at",267.709492694502,-1.18438280430119,0.238264354308103,-4.97087702329845,6.66507168002251e-07,9.66654639382211e-06
"229399_at",32.1718437097243,-1.52331633894533,0.23214692478976,-6.56186309736776,5.31395934780348e-11,2.51476709457591e-09
"229513_at",266.073194284032,-1.65668218482683,0.204003914736186,-8.12083526421155,4.6298611946708e-16,8.74845343170153e-14
"229586_at",147.522174047359,-1.81378748930609,0.24524958415711,-7.3956801824551,1.40686245502652e-13,1.38869923079371e-11
"229706_at",20.067328221657,-1.00242241486507,0.271886108125759,-3.68692031297682,0.000226984396270123,0.00141115330758831
"229982_at",231.794388539951,-2.39454211683279,0.294312436652856,-8.13605481326353,4.08366981111727e-16,7.88535775060557e-14
"230000_at",783.225735014437,-1.67021329800739,0.273164187530519,-6.1143201570696,9.69694560637553e-10,3.18662110647277e-08
"230014_at",73.3576386240633,-1.64471438393188,0.350515366347682,-4.6922746955991,2.70184012150203e-06,3.22247423688976e-05
"230058_at",91.5765410042975,-1.59851048809728,0.253933800271737,-6.29498903409749,3.0742159178535e-10,1.17692196658316e-08
"230128_at",51.8519764378793,-1.20822130300748,0.254506153774345,-4.74731665655022,2.06133099356517e-06,2.55292369399686e-05
"230170_at",40.339635693133,-1.09491983793664,0.13424178766919,-8.15632640884399,3.45368297326045e-16,6.76768365738015e-14
"230175_s_at",17.439789362132,1.09826896752187,0.198513168524195,5.53247412091965,3.15745039644376e-08,6.6500147982426e-07
"230180_at",316.446400529464,-3.35552706404144,0.418725052521292,-8.01367638223848,1.11329412153707e-15,1.90854307362883e-13
"230213_at",84.5080147228287,-1.27932090335235,0.220036047702826,-5.81414234943977,6.094553679929e-09,1.57331506871324e-07
"230245_s_at",386.535777336031,-2.33501232997059,0.307301537502855,-7.59844011502511,2.9972149570248e-14,3.49287773009401e-12
"230256_at",68.9472143698427,-1.48490469576383,0.204083612225057,-7.27596243311453,3.43959304605492e-13,3.04384790669274e-11
"230422_at",32.7770761626468,1.02128387968335,0.276381398402609,3.6951975986301,0.000219715845330133,0.00137254214139048
"230543_at",108.473518192547,-1.09446153895832,0.167585038821137,-6.53078309768711,6.54266928480743e-11,3.01008301322253e-09
"230609_at",79.2122144036219,-1.23450980827112,0.179875062288404,-6.86315152620633,6.73577111931762e-12,4.04054624014577e-10
"230629_s_at",23.958346810704,-1.21433651574096,0.284380548258907,-4.27011102965946,1.95375681044655e-05,0.000174754643636241
"230648_at",100.0143180108,-1.28894871918697,0.221723137929068,-5.813325263326,6.12438963534272e-09,1.57601754293148e-07
"230707_at",203.197315311306,-1.10868452040356,0.18691624705521,-5.93145078542095,3.00269569602955e-09,8.64345070106265e-08
"230877_at",222.509715484436,-2.49671971690427,0.469798067741432,-5.31445292848334,1.06978230375101e-07,1.92517150091355e-06
"230885_at",54.7837164642533,-1.41574902619067,0.161419921563345,-8.77059666786601,1.77721979787452e-18,6.02750929909904e-16
"230983_at",168.384578967518,-1.71774083033701,0.258963320543504,-6.63314336073491,3.28612359280189e-11,1.64020968913172e-09
"231038_s_at",43.2389238674455,-1.25811344608459,0.179225280396825,-7.01973205620875,2.222941277171e-12,1.51171435851624e-10
"231078_at",50.8099143698114,-3.60235524122236,0.364796596166269,-9.87496944620738,5.34492468509965e-23,5.23683843035652e-20
"231108_at",166.627501665568,-1.01457960476172,0.113697127259541,-8.92352893354727,4.5166169229453e-19,1.75709682469993e-16
"231182_at",159.307368382658,-1.01531394116886,0.139076934859712,-7.30037617087994,2.8696428921493e-13,2.63588656489297e-11
"231274_s_at",437.298361550614,-2.07355523828628,0.306311119694854,-6.76944160679493,1.2928037759483e-11,7.12496481019508e-10
"231418_at",50.9470730759005,-1.69405991723103,0.269439528894003,-6.28734738434563,3.22936217082582e-10,1.2274360182044e-08
"231647_s_at",53.0666010586069,-1.66388984174508,0.330035838314351,-5.04154291316772,4.61793267501441e-07,7.02950730989612e-06
"231688_at",24.4209109928498,-1.49768382848401,0.267467517607073,-5.59949799468438,2.14973420153132e-08,4.75891787174138e-07
"231721_at",17.7731639350797,1.08510527599556,0.355420799123002,3.05301568921418,0.00226554093110916,0.00958461854974601
"231735_s_at",940.091697983544,-1.85394129135392,0.256593214870534,-7.22521557044811,5.00307565768518e-13,4.12544886288096e-11
"231775_at",257.042883278944,-1.26098203945925,0.185002386870878,-6.81603119174535,9.35899843484193e-12,5.35893819470364e-10
"231819_at",44.7148191097146,1.03612899358689,0.169756997762005,6.10360107239593,1.0370493643834e-09,3.39951721008656e-08
"231862_at",67.0077332438647,1.11017942978128,0.212585708796831,5.22226746127267,1.7674543581319e-07,3.0036513708403e-06
"231955_s_at",51.3693239642444,1.30867921671316,0.185717811641333,7.04660045876775,1.83341774698276e-12,1.30030115492445e-10
"232030_at",40.2414005961271,-1.32340811541566,0.152635459946506,-8.67038443019381,4.3066387197535e-18,1.34032730226305e-15
"232055_at",123.01192726195,-1.13587209922931,0.198280156447492,-5.72862216562811,1.01249624866952e-08,2.44162039765756e-07
"232182_at",23.9119996982725,-1.57886629752182,0.231216543352077,-6.82851786741597,8.57963859129167e-12,4.94478778418366e-10
"232204_at",83.1470693689619,-1.12803836084525,0.254605450893794,-4.43053499791645,9.39995894146378e-06,9.26822638231393e-05
"232216_at",178.341505045411,-1.29379586316697,0.226026384984941,-5.72409218177413,1.03988279021973e-08,2.50537880987912e-07
"232286_at",55.6967196470783,-1.76211047442609,0.286565194904398,-6.1490735991646,7.79368103425944e-10,2.62642086726496e-08
"232311_at",167.538006454377,-1.65107068522675,0.241213128772686,-6.84486244023094,7.65493927901263e-12,4.48017176298673e-10
"232312_at",121.001720444024,1.20575328042641,0.281293063035335,4.28646646104794,1.81537595443802e-05,0.000164353030454153
"232365_at",36.4892081365057,1.12463667802272,0.201489248111419,5.58162129525058,2.38286782839814e-08,5.19245350349625e-07
"232387_at",81.9517288566588,1.35501608545884,0.195072640092062,6.94621288161864,3.75222433462492e-12,2.39183957947392e-10
"232525_at",28.3834187662408,-1.21760586906411,0.256301340128458,-4.75068085267851,2.02732884124955e-06,2.51316575287796e-05
"232529_at",89.7949785545874,-1.00661255836708,0.162210459521044,-6.20559587426904,5.44900393530104e-10,1.94008008215954e-08
"232535_at",148.92177315579,1.52238518344833,0.258208401579536,5.89595525991973,3.72519906937882e-09,1.04614029916505e-07
"232569_at",51.6249183123889,-1.52222800669592,0.268356234042648,-5.67241529575945,1.40798142793253e-08,3.27587868905252e-07
"232600_at",29.9153621305291,1.06300853359019,0.228030477980594,4.66169497605779,3.13615761273114e-06,3.65158069926011e-05
"232614_at",328.620990725496,-1.08191321014508,0.242124441812874,-4.4684179839276,7.8800214477135e-06,7.93823638148564e-05
"232632_at",25.1411865217204,-1.18205027459465,0.212669262655201,-5.55816228371045,2.7262984658219e-08,5.87787282924635e-07
"232693_s_at",62.9293591128973,-1.52133919054764,0.161485188194746,-9.42092093742339,4.47148687902785e-21,2.62863808661784e-18
"232725_s_at",71.7297877761714,1.47835811230683,0.252093269901702,5.86432994773435,4.50949981222141e-09,1.22227774623468e-07
"232981_s_at",181.517411985736,1.0176421812036,0.1389872496149,7.32183839901312,2.44596603735562e-13,2.27037142288441e-11
"233011_at",82.0579909674805,1.41420725716608,0.390277288334339,3.62359609292603,0.000290535193214759,0.00172940477301829
"233024_at",33.6186462122558,-1.11926802040013,0.154200923452222,-7.2585040046594,3.91394804426277e-13,3.38235826430996e-11
"233105_at",22.5958873888878,-1.046374502791,0.226612054835225,-4.617470608754,3.8844567692089e-06,4.35421268528188e-05
"233127_at",49.7217651833005,-1.01330540875673,0.146368991063904,-6.92295138055796,4.42329615386268e-12,2.77284067427212e-10
"233252_s_at",115.239947982762,-1.07414259918003,0.143973186292849,-7.46071283714707,8.605562219691e-14,8.91754597104239e-12
"233302_at",307.63194548947,-1.21257903574934,0.30030585053702,-4.03781356101105,5.39517038683351e-05,0.000413452599690886
"233309_at",67.4972124146143,-1.03442710615297,0.202611888754379,-5.10546104926243,3.29988957462076e-07,5.20544298193307e-06
"233415_at",27.1130207435403,-1.27222687490191,0.225168076667775,-5.65012098397507,1.60334951896587e-08,3.66356627070926e-07
"233823_at",35.2192338282354,1.23036655187906,0.430819629038306,2.85587394108652,0.00429185498664906,0.0161792203777255
"233824_at",87.3943649795696,1.29759928729348,0.169555362168674,7.65295341118512,1.96415088180501e-14,2.41672778731487e-12
"233921_s_at",68.2959323557974,-1.25188835791809,0.26671281349907,-4.69376908253586,2.68216785242494e-06,3.20189839205999e-05
"233936_s_at",931.780543377424,-1.38246918449177,0.150347586162805,-9.19515384167694,3.74458386231414e-20,1.73788107883611e-17
"234042_at",45.0782016198001,1.00789139324828,0.200779773305327,5.01988510424093,5.17023947222577e-07,7.74920764862666e-06
"234151_at",532.679529570991,-1.49097596063208,0.290152975641835,-5.13858580059003,2.76813796580676e-07,4.46242058180695e-06
"234326_at",64.0319127854789,-1.28693323611666,0.271363409367421,-4.74247150386505,2.11126534101797e-06,2.60744226569978e-05
"234562_x_at",63.7834379180944,-1.12863452906332,0.221645059314974,-5.09208070124155,3.5415529168806e-07,5.55245752544716e-06
"234574_at",71.4965761539494,1.01490322004555,0.157989054947046,6.42388309991296,1.32841233941905e-10,5.59583121448912e-09
"234701_at",22.6433706129656,-1.96921387942215,0.262773803498396,-7.49395051259048,6.68309305570936e-14,7.07178174782942e-12
"234989_at",2266.49563363841,-1.38347508402981,0.136651212979286,-10.1241332138012,4.31787410444765e-24,5.19204734359356e-21
"235008_at",65.7271771450806,-1.46872385234367,0.293156632152535,-5.01003112759006,5.44212323855297e-07,8.11532853171816e-06
"235009_at",116.712402050753,-4.46043044480181,0.414364180654991,-10.7645174294534,5.0626083224773e-27,1.21751127784377e-23
"235016_at",31.2212278418928,1.42531388061867,0.227007733914856,6.27870185759072,3.41411562558407e-10,1.29024306798859e-08
"235036_at",29.2672958726642,1.18713303973003,0.166174479909334,7.14389502153237,9.07226981870105e-13,6.99371552828857e-11
"235057_at",31.5845445361015,1.39181692523637,0.348082422577072,3.99852688605152,6.37379418336854e-05,0.000477655386194989
"235094_at",313.362335093087,-1.65412456280802,0.164811895232888,-10.0364391809866,1.0541083792713e-23,1.16189096105179e-20
"235163_at",111.460626532413,1.7080760123131,0.260956937473098,6.54543247193489,5.93234596437157e-11,2.74158228322698e-09
"235372_at",231.403892221052,-1.50659989893778,0.31435269857868,-4.7927054730236,1.64547104625469e-06,2.10591635498895e-05
"235376_at",114.644088562188,-1.07179361369162,0.141953852015472,-7.55029608900503,4.34269822231258e-14,4.89345917187245e-12
"235388_at",41.3767494125473,-1.68877437648889,0.261217939240459,-6.46500152860604,1.01297785233925e-10,4.4147143502113e-09
"235400_at",84.584928981609,-1.38268646051286,0.377219064227635,-3.66547343874028,0.000246881435313948,0.00151215593651197
"235401_s_at",175.18632583917,-1.22436569367195,0.39215633129883,-3.12213674994568,0.00179543519519871,0.00789764593511584
"235412_at",185.867686026151,-1.15246998945166,0.197114293003377,-5.84670939834848,5.01392298732327e-09,1.33573332030866e-07
"235425_at",30.5369534019003,-1.65492795530229,0.234485257177014,-7.05770578170283,1.69273984515682e-12,1.22015639955799e-10
"235435_at",71.1502199006449,-1.07006016990901,0.212394588696746,-5.03807642405065,4.70233695128015e-07,7.14096565494633e-06
"235446_at",43.8153551729249,-1.16629714433209,0.222538358918771,-5.24088139230773,1.59811415361582e-07,2.75237707159849e-06
"235461_at",25.0185613907626,-1.01116041098315,0.222707426233829,-4.54030845797432,5.61719888354843e-06,5.9249353774079e-05
"235643_at",110.568965970871,-1.716410738936,0.293452544930676,-5.84902318479289,4.94468171238012e-09,1.31994561068924e-07
"235683_at",78.3037089839722,-1.00648112637762,0.213051539594731,-4.72412040904354,2.31113460043727e-06,2.82278184004952e-05
"235739_at",284.954489982933,-1.87754144252499,0.358897991516295,-5.23140693708716,1.68224720562072e-07,2.8785360658144e-06
"235852_at",21.058632799197,1.07562759411968,0.264661151195829,4.06416880324003,4.82039318844885e-05,0.000377027044717809
"235868_at",27.5182165592954,1.07725331610036,0.237471765054345,4.53634273469873,5.72381350785084e-06,6.01102669855841e-05
"235982_at",197.466239397535,-2.33497373932809,0.35730980258874,-6.53487176229426,6.36640667210668e-11,2.93409271958031e-09
"235984_at",175.1260806139,-1.20654946110339,0.171562769003903,-7.03269985736789,2.02574831414797e-12,1.39919440998617e-10
"236000_s_at",346.495499638758,-1.67744382323953,0.289514424298595,-5.79399049737664,6.87333491348322e-09,1.7429131405713e-07
"236244_at",232.932350476347,-1.21946563514962,0.199163066063934,-6.12295070190455,9.18581224439867e-10,3.03751846391653e-08
"236254_at",118.444039058328,-1.57081608815067,0.246742626116773,-6.36621289508068,1.93752456375515e-10,7.76595072872404e-09
"236307_at",144.086661949029,-2.05600748932686,0.291736275204903,-7.04748659686837,1.82178367953255e-12,1.29624834966529e-10
"236310_at",26.3862312062972,-1.10650500231179,0.203050357350131,-5.44941174569707,5.05366929198798e-08,1.00518622143045e-06
"236338_at",22.0781247717422,-1.39595289172624,0.280482245229035,-4.97697417740769,6.45859339401781e-07,9.40834965007419e-06
"236356_at",25.141227542369,-1.49370752283127,0.302301535993193,-4.94111787399221,7.76759286017078e-07,1.10490079524156e-05
"236368_at",54.6465517506114,-1.21542940300607,0.231847403005916,-5.24236798535566,1.58528809406537e-07,2.73563021789989e-06
"236439_at",257.054060328371,-3.13281052908473,0.425578853016279,-7.3612927589823,1.82137616054508e-13,1.75849215149852e-11
"236462_at",40.5597168991136,-3.05823713713771,0.346986218008014,-8.813713566765,1.21067143973796e-18,4.27028030224372e-16
"236495_at",42.0062131994683,-1.75325678204259,0.275273697355497,-6.36914023710148,1.90090743521502e-10,7.63074435374478e-09
"236512_at",77.7948660956212,-1.00289684208056,0.207450894299427,-4.83438186886296,1.33559987632625e-06,1.76043642891552e-05
"236533_at",35.4234331597343,-1.16934247507971,0.227310649346642,-5.14424853582861,2.6859375742754e-07,4.34579771191935e-06
"236571_at",142.256934624317,-1.01726745668226,0.395391673026082,-2.57280951036912,0.0100876712659503,0.0324408179004597
"236617_at",46.7519632316632,-1.60467205634917,0.275459261590325,-5.82544237970007,5.69615102874811e-09,1.48562094610762e-07
"236620_at",118.300129041545,-2.67774979164204,0.366830085237644,-7.29970059546045,2.88408784651678e-13,2.63998823154861e-11
"236645_at",35.4846193465561,-1.49963197919364,0.347870867948986,-4.31088693352029,1.62601035825962e-05,0.000149252179102707
"236732_at",41.0708590992575,-1.08046506734868,0.255770603097385,-4.22435203367483,2.39629229139823e-05,0.000207568815575143
"236796_at",585.212742411316,-1.91265678558112,0.252554757985448,-7.57323600172016,3.64040086271164e-14,4.16896815680405e-12
"236841_at",677.146750221346,-1.82443989207407,0.199542804172643,-9.14310039712372,6.06870073407276e-20,2.76795533136484e-17
"236869_at",26.578836924157,-1.40659148066715,0.229850912101666,-6.11958189682971,9.38212014991652e-10,3.09855938134696e-08
"236907_at",2013.36765349837,-1.93642583068941,0.242365030903528,-7.98970801798628,1.35258717845151e-15,2.26464184928836e-13
"236975_at",60.4846129895504,-1.1136804707438,0.339901392533684,-3.27648104775985,0.00105109366781959,0.00507402041760938
"237009_at",280.912435920555,-1.85972151281846,0.385799341532289,-4.82043723929688,1.43243917237334e-06,1.87037245142963e-05
"237376_at",24.9552465886141,1.1983773497039,0.211673998207996,5.66142917811919,1.50117460201188e-08,3.45923980153505e-07
"237426_at",88.140802876465,-1.02473086414169,0.141795228849007,-7.2268359976547,4.9437651808225e-13,4.11265295891442e-11
"237444_at",19.2492734546357,-1.00930175379658,0.230118596294328,-4.38600691143474,1.15450454304406e-05,0.000111586639319283
"237464_at",44.9146578581372,-1.02807844811686,0.174244133100697,-5.90021844536212,3.63020614131772e-09,1.02163269428105e-07
"237510_at",38.9681173361891,-1.14756858897583,0.199407603202312,-5.75488883345912,8.66988284056076e-09,2.12955506651991e-07
"237544_at",56.1642410195665,1.27154307335874,0.187229707343489,6.79135320671085,1.11086579585336e-11,6.19975606824996e-10
"237577_at",40.1879898212962,-1.56222371994165,0.272938804956971,-5.72371422300299,1.04220005029298e-08,2.50867699094181e-07
"237803_x_at",67.5135057431085,1.01120160238274,0.164982912692141,6.12912928910185,8.83613019805671e-10,2.93188039910675e-08
"237813_at",24.8855400257736,-1.47179105869051,0.229298363602249,-6.41867231657853,1.37467946079334e-10,5.76721610490991e-09
"237875_at",23.0341219951011,-1.26662303163925,0.300066541848954,-4.22114049715291,2.43069371077606e-05,0.000209923780798216
"237943_at",37.1361759869118,-1.19535134900971,0.21622894830765,-5.52817445751514,3.23580193061873e-08,6.80444390084164e-07
"238010_at",60.8403182174779,1.5071753644744,0.256178179059189,5.88330891416855,4.02144329449652e-09,1.11512852109655e-07
"238013_at",176.903862475314,-1.57385015668327,0.243031721215316,-6.47590425156437,9.42458001258998e-11,4.16640817706309e-09
"238042_at",95.1009546777429,-1.20536018328549,0.141093167285426,-8.54300889600908,1.30771328125267e-17,3.60356741065188e-15
"238130_at",86.2445794708675,-1.72061423190013,0.256196348397202,-6.71599826720608,1.86783012610819e-11,9.85612435243042e-10
"238156_at",726.01366683594,-1.35636582658423,0.163103388395281,-8.31598803635564,9.09910006658947e-17,2.08761831907007e-14
"238320_at",121.187550158362,-1.86010762614934,0.217541552779478,-8.55058540487173,1.22465776103753e-17,3.44649961813689e-15
"238346_s_at",172.269710569678,-1.10266067010389,0.18885561033966,-5.83864396784789,5.26273956175738e-09,1.39359872238969e-07
"238430_x_at",1304.45090613354,-1.79122129616986,0.235689551238717,-7.59991814128251,2.96318126446468e-14,3.46849545000657e-12
"238438_at",62.2656282616658,1.17729580815026,0.247186506853097,4.76278346718144,1.90940697299047e-06,2.39050885298106e-05
"238446_at",68.6063736961239,1.17577193802232,0.181752335680917,6.46908846380106,9.85958649089257e-11,4.32546436202441e-09
"238451_at",74.9649179221564,1.06299397415371,0.135935835412086,7.81982154250402,5.28982751000784e-15,7.56416740268905e-13
"238546_at",46.7795006533774,1.52384147666722,0.201828862795145,7.5501662921914,4.34702844707804e-14,4.89345917187245e-12
"239045_at",45.156399535963,-1.13500482940987,0.207514274371317,-5.46952653184207,4.51239373715325e-08,9.11924094137908e-07
"239151_at",143.608888923666,1.00450900239863,0.205521000134744,4.88762219792651,1.02061147033368e-06,1.39386968694926e-05
"239232_at",23.7409605527981,-1.10802408852484,0.219411811316285,-5.04997466580138,4.41868661825095e-07,6.77241806484418e-06
"239272_at",22.989083201831,-1.0337566531164,0.374689979247822,-2.75896530564184,0.00579846906680436,0.0207007693243242
"239469_at",282.759527438086,-1.17299862194503,0.161960536247626,-7.24249653107843,4.40499709610759e-13,3.74693868747364e-11
"239533_at",167.432095286307,-1.42041554741887,0.172108221681016,-8.2530371503777,1.54419023898634e-16,3.37603376711938e-14
"239571_at",90.8298485600912,-2.90245774721966,0.377379731275132,-7.6910801155444,1.45898035089418e-14,1.83789839059784e-12
"239597_at",521.443201843841,-1.04811864124493,0.272647331317701,-3.84422849906284,0.000120932287135236,0.000826011547605353
"239635_at",38.9253708847091,-1.01748192698494,0.213947863779432,-4.75574707319307,1.9771388370209e-06,2.45901414172783e-05
"239655_at",46.2432885875307,-2.27825901144019,0.314832106349774,-7.23642527394928,4.60665292391734e-13,3.88103173405444e-11
"239661_at",30.101041638393,-1.05929829289418,0.264971442979335,-3.9977828591015,6.39385633915652e-05,0.000478751983006076
"239692_at",25.4209772099186,-1.85907365141883,0.328007907418987,-5.66777083530521,1.44667273347585e-08,3.34810356567094e-07
"239695_at",112.003711519334,-1.04069873607238,0.225642856102554,-4.61215016530099,3.98524910770009e-06,4.45398309653985e-05
"239759_at",25.935750273049,-1.82001976014854,0.241563905245107,-7.53431998999119,4.90886162024234e-14,5.43343202099961e-12
"239851_at",95.0081620659152,-1.3447284059505,0.197646098902168,-6.80371843117494,1.01952713913222e-11,5.78767616708235e-10
"240105_at",27.2442908111547,-2.13209044417944,0.302953237988118,-7.03768825294108,1.95455373529237e-12,1.36146056484196e-10
"240108_at",43.4434244991039,-1.56530241601869,0.182679009510327,-8.56859482769532,1.0475540898681e-17,3.0948577469332e-15
"240238_at",74.0527216031403,-1.13355166020229,0.170417409857455,-6.65161887597311,2.89886573180281e-11,1.46348461963953e-09
"240248_at",34.3374855029062,-1.44529543348726,0.290837512165775,-4.96942578941966,6.71514648679002e-07,9.73383480337223e-06
"240336_at",99.2404845575284,-3.02207126679898,0.29259698996732,-10.3284427742627,5.24043974539648e-25,7.29634700130097e-22
"240405_at",143.389282274623,-1.13779593680805,0.199026556708886,-5.71680460950891,1.08545805518189e-08,2.58924322739241e-07
"240861_at",26.7306917448891,-1.53705741228631,0.24095998024998,-6.3788908460721,1.78375110074559e-10,7.21519137907093e-09
"241060_x_at",26.8058619480438,-1.66067355075179,0.352264001392825,-4.71428685356896,2.42558757252478e-06,2.94206756733473e-05
"241154_x_at",92.9580671704608,-1.01538665091836,0.240226837444454,-4.22678274301114,2.37056347799987e-05,0.000205811901040396
"241279_at",18.2716366351739,-1.17582655025828,0.226168495326133,-5.19889628554478,2.00475339027295e-07,3.3629515653951e-06
"241299_at",67.1451031392882,-1.21234634245622,0.259948680577542,-4.66379109816095,3.10436526232854e-06,3.62093821206522e-05
"241403_at",79.639673747395,-1.13693699211624,0.379977204531016,-2.99211894439693,0.00277048296164451,0.0112997774078544
"241505_at",33.7979349005215,-1.92555503380835,0.256106244606719,-7.51857900522991,5.53747799372196e-14,6.02833098131361e-12
"241752_at",34.1749881807679,1.25599205203677,0.176997821266776,7.09608764134843,1.28338109366709e-12,9.50996175122385e-11
"241824_at",126.869876031997,-2.20930987491768,0.337481603305744,-6.5464601722783,5.89168520371309e-11,2.73436211191274e-09
"241843_at",103.87375324513,-1.87395790199142,0.249496271423275,-7.51096555993103,5.8692833408718e-14,6.28607374491589e-12
"241849_at",39.001630654993,-2.11678564150915,0.291035591295396,-7.27328788924875,3.50841505295291e-13,3.08776410326032e-11
"241879_at",152.899221712892,1.263849306813,0.241148017789487,5.24096908777536,1.59735475574915e-07,2.75237707159849e-06
"241893_at",95.2565031465283,-1.24402162025498,0.208409494453631,-5.96912162527106,2.38534253403576e-09,7.07419858692624e-08
"241929_at",262.792339263175,1.15103435320596,0.228858661848155,5.02945505278559,4.91875784009888e-07,7.4185188085505e-06
"242024_at",94.9780978268455,-3.59949204230253,0.354489848549784,-10.1540059807863,3.18034450006955e-24,4.00632540023047e-21
"242029_at",55.9258864221257,1.24184180744167,0.201232015971385,6.17119398942093,6.77762034228309e-10,2.32548856724717e-08
"242080_at",88.925551052216,-1.0227675470373,0.268225228904154,-3.81309227031277,0.000137238846664807,0.000919098572335681
"242104_at",68.4317718357146,-1.39333293559112,0.218512626779781,-6.37644128911291,1.81250186750654e-10,7.29800980259027e-09
"242335_at",52.0519927886675,-1.10832302739613,0.165585853425028,-6.69334369133134,2.18128009673964e-11,1.12482619257603e-09
"242352_at",125.10101435495,-1.24585199611177,0.194142296344315,-6.41721056962376,1.38793889396536e-10,5.79216597171526e-09
"242429_at",78.8197698297798,-1.19540235404005,0.175515166515714,-6.81082084113243,9.7043425143217e-12,5.53273010504022e-10
"242439_s_at",231.941160855745,-1.03925194922812,0.155979916065326,-6.66272925030215,2.68788569829412e-11,1.3621710395148e-09
"242445_at",23.911336760182,1.40202196301795,0.187145626367917,7.49160955683601,6.80340591416708e-14,7.14195635132444e-12
"242476_at",354.735087708582,1.04433230113172,0.14905122726185,7.0065327224516,2.44296445986787e-12,1.6237734125966e-10
"242509_at",48.1863326693225,-1.11668167204321,0.238231580707041,-4.68737884678867,2.76726419358895e-06,3.29012166189672e-05
"242520_s_at",40.8535903162008,1.15262540272502,0.203557965731092,5.66239399468005,1.49275593164836e-08,3.44584340452232e-07
"242625_at",596.179337795622,-1.80888708151818,0.518535237220203,-3.48845546392446,0.000485819746807627,0.00264659711327203
"242774_at",27.767447704471,-2.91117083384379,0.406266775024198,-7.1656630884236,7.74109387190962e-13,6.0586656002218e-11
"242836_at",107.946279864057,-1.02368235711172,0.251186234119745,-4.07539195250532,4.5936907821101e-05,0.000362426173426605
"242904_x_at",79.7365868424864,-2.06795426840491,0.264424740058591,-7.82057786252034,5.25813963575336e-15,7.55971880022932e-13
"242916_at",260.523441410797,-2.07303205617289,0.272242568718507,-7.61465066220546,2.64405603885012e-14,3.15071434467303e-12
"242975_s_at",74.8789917827576,-2.64279581439055,0.272449443217669,-9.70013292440144,3.01106096471822e-22,2.27584590744731e-19
"243054_at",64.2897879358044,-1.47327517198257,0.237729354804565,-6.19727914204681,5.74475655488206e-10,2.02899585985114e-08
"243182_at",45.261379111292,-2.61813423052299,0.362688338804678,-7.21868874844901,5.24912431423983e-13,4.285812796571e-11
"243296_at",1418.09801346608,-1.30305690451786,0.352828243245955,-3.69317629600729,0.000221470372926464,0.00138146126984123
"243329_at",58.5669759446702,-1.07338725473257,0.199035623894502,-5.3929403879052,6.93139530876955e-08,1.30786827031519e-06
"243395_at",541.61405167322,-1.26496779357689,0.214625914467244,-5.89382599355188,3.77354541326718e-09,1.05635312552984e-07
"243431_at",108.887104328507,-1.22659094713464,0.168949896795897,-7.26008698671446,3.86841468846072e-13,3.37739413097492e-11
"243498_at",95.3828332791234,-1.42432469033962,0.251308805420848,-5.6676274751074,1.44788329898222e-08,3.34810356567094e-07
"243780_at",379.726404213615,-1.6103821915643,0.273177022045469,-5.89501334887623,3.74651092879659e-09,1.05100954517906e-07
"243798_at",75.1949563622936,-1.99993901874181,0.230703535580288,-8.66887026118336,4.36428899550499e-18,1.34247559403592e-15
"243878_at",26.8943448018778,-1.03814665827374,0.284950718995967,-3.64324982906406,0.000269217304961106,0.0016244147045278
"243888_at",189.98439541615,-1.00159956919607,0.176114793749658,-5.68719724147545,1.29141271551898e-08,3.02327716604771e-07
"243934_at",75.571403654962,-1.68188690034133,0.27438845933897,-6.12958323536335,8.81095701302578e-10,2.9282042314395e-08
"243968_x_at",229.56276642092,-1.95790034759281,0.301710539347549,-6.48933362363405,8.62168574415721e-11,3.85918908081108e-09
"243985_at",122.265075170579,-1.03524952045876,0.178058387722341,-5.8141013950609,6.09604576030495e-09,1.57331506871324e-07
"244030_at",59.7114088740928,1.2830202201769,0.200283256536921,6.40602835384987,1.4935919971113e-10,6.13532339931403e-09
"244035_at",53.2931317288602,-1.78349904118946,0.41434070930553,-4.304426287677,1.67419022328899e-05,0.000153098281854759
"244172_at",62.7255725447195,-1.63770547615124,0.241702783546987,-6.77569969248151,1.2380560616235e-11,6.86614990653839e-10
"244226_s_at",26.0399157435855,-1.29327205468394,0.284197043048544,-4.55061756030667,5.34886916680319e-06,5.70560423139563e-05
"244292_at",29.2049663012054,-1.20530386538792,0.258724747441619,-4.65863384661297,3.18314809476101e-06,3.6965320324323e-05
"244357_at",122.765346435033,-2.43627041326594,0.285636813006796,-8.52925919323981,1.47287849297864e-17,4.01685852095431e-15
"244515_at",58.6118312803409,-1.05668889306059,0.126426729518382,-8.35811301206643,6.37293823223267e-17,1.56101581477299e-14
"244546_at",80.4047991253074,-1.65793974979878,0.290023725095283,-5.71656594388646,1.08698299113948e-08,2.59054486915349e-07
"244579_at",110.580386222795,1.37879983574084,0.193834435853253,7.11328629338441,1.13311885519985e-12,8.46766276707822e-11
"244677_at",192.376238565323,-2.96663054726127,0.301941478827468,-9.8251838693432,8.77138180286e-23,7.73460447376195e-20
"244774_at",87.6457863116899,-2.16257224213641,0.644098875477748,-3.35751594121689,0.000786462083375151,0.00395985305550176
"244869_at",183.734652323012,-1.23871760371865,0.201412613061576,-6.15014911374964,7.74101342377072e-10,2.61821047223183e-08
"244875_at",28.2271892386726,-1.42314799283686,0.16981252302089,-8.38070106679817,5.26133705086406e-17,1.33830202253421e-14
"266_s_at",197.797490290377,-1.94718801393623,0.278486408796991,-6.99203965589455,2.70918272599462e-12,1.79171799583654e-10
"33646_g_at",70.4198670476309,1.38312248092577,0.219277839686244,6.30762544407052,2.833489052074e-10,1.09586431847318e-08
"35436_at",125.634359135952,-1.10450862157967,0.170984289609253,-6.45970822292378,1.04905049792542e-10,4.55690999542185e-09
"38521_at",164.22085500515,-1.2606669593502,0.1983497620542,-6.35577752296832,2.07374981846715e-10,8.26550462977606e-09
"39318_at",317.737532196557,-2.35350101068956,0.3717771820278,-6.33040736349865,2.44514784303047e-10,9.59702389310504e-09
"44790_s_at",366.004613339968,-1.00434711099518,0.207277898315782,-4.8454134239874,1.26348299829804e-06,1.67707873742982e-05
"AFFX-BioC-3_at",1019.80019719822,-1.45261345422518,0.242603646417251,-5.98759942679035,2.12960760846923e-09,6.42152039364018e-08
"AFFX-BioC-5_at",551.278528018685,-1.35657541300756,0.233792581075644,-5.80247417076352,6.53434622418079e-09,1.67015339279588e-07
"AFFX-DapX-3_at",621.356188624921,2.01300503529726,0.622196797690253,3.23531886176532,0.00121506954527026,0.00571540713914996
"AFFX-DapX-5_at",163.170698883356,1.84684466008259,0.531153341557176,3.47704611001451,0.000506970622445974,0.00274205701210096
"AFFX-DapX-M_at",495.852496017223,2.2084928752666,0.595160074231081,3.71075441866605,0.000206642498316454,0.00130465886645906
"AFFX-HSAC07/X00351_5_at",13399.6389896986,1.37671491263613,0.193092761923015,7.1298110759067,1.00506783892103e-12,7.6622664584487e-11
"AFFX-HSAC07/X00351_M_at",12777.0657138266,1.09876490281301,0.154343441076507,7.11896077442229,1.08743849739144e-12,8.1724710255662e-11
"AFFX-LysX-3_at",79.3693086041956,1.83280794985827,0.402282496021258,4.55602211874865,5.21314492496047e-06,5.5901311651765e-05
"AFFX-LysX-5_at",27.2621995511174,1.12083223757689,0.260974703129495,4.29479265283708,1.74856683524614e-05,0.000158902738095505
"AFFX-LysX-M_at",22.6210423592618,1.29932787492012,0.313610660458065,4.14312406670838,3.42606476482509e-05,0.000281731791385399
"AFFX-PheX-3_at",68.817773027138,1.49556870375367,0.27691744932909,5.40077451737728,6.63537860187504e-08,1.26282234197124e-06
"AFFX-PheX-5_at",39.977273165547,1.50885143433926,0.371875642457634,4.05740861210387,4.96202237897659e-05,0.000386529269768689
"AFFX-PheX-M_at",46.9731676882722,1.75162739671304,0.409005783373165,4.28264701361179,1.84683030188124e-05,0.000166573640661324
"AFFX-r2-Bs-dap-3_at",1025.77686357558,1.97285888041118,0.630465940192487,3.12920770915689,0.00175278359054562,0.00773575860932495
"AFFX-r2-Bs-dap-5_at",316.849691333018,1.87463800684963,0.646434460262942,2.89996607867579,0.00373203045619581,0.0144085133812323
"AFFX-r2-Bs-dap-M_at",564.533212539671,2.18558908248705,0.64323015556515,3.39783367365101,0.000679217014629918,0.00349572118774705
"AFFX-r2-Bs-lys-3_at",58.2574230963852,1.82991292872784,0.399913331667613,4.57577375852216,4.74463076496279e-06,5.15459803927415e-05
"AFFX-r2-Bs-lys-5_at",40.7137315550213,1.50271582823564,0.362342538940104,4.14722442645366,3.36530150093048e-05,0.00027751148973072
"AFFX-r2-Bs-lys-M_at",51.5139552909043,1.40203992506391,0.334808504716375,4.18758754725067,2.81935280292155e-05,0.000238132691725692
"AFFX-r2-Bs-phe-3_at",184.246502079444,1.95674906642847,0.431840615086915,4.53118349239717,5.86541640429949e-06,6.1353786302625e-05
"AFFX-r2-Bs-phe-5_at",72.3056454723105,1.57940492812192,0.465456499234847,3.39323853188917,0.000690714634940216,0.0035438644206184
"AFFX-r2-Bs-phe-M_at",78.3635018853943,1.76760241898943,0.493348365625182,3.58286870323262,0.00033984144562587,0.00196928087179555
"AFFX-r2-Bs-thr-3_s_at",117.767040438054,2.11966438532032,0.576330275691604,3.67786402124492,0.000235195279904491,0.00145506453100875
"AFFX-r2-Bs-thr-5_s_at",36.0867272462949,1.37273518870018,0.356659484855256,3.84886774918458,0.000118665048107103,0.000813465971138975
"AFFX-r2-Bs-thr-M_s_at",89.1722919083285,1.554018242511,0.47777727347455,3.25259975471348,0.00114354448660238,0.00543795179733585
"AFFX-r2-Ec-bioC-3_at",1360.05465746296,-1.2473009775261,0.229451376769725,-5.4360143533934,5.44855677038515e-08,1.07323991663268e-06
"AFFX-r2-Ec-bioC-5_at",914.28957106239,-1.21781349719516,0.236152410297863,-5.15689632665241,2.51076724307611e-07,4.10505788926671e-06
"AFFX-ThrX-3_at",103.947414467087,1.95305291258663,0.47579247519253,4.10484195193782,4.04591393971564e-05,0.000325222143303669
"AFFX-ThrX-5_at",42.1434795661531,1.21109193700792,0.328558380484343,3.68607836215467,0.000227736254078758,0.00141387816601724
"AFFX-ThrX-M_at",68.5486009006297,1.93861652833581,0.412735783001004,4.69699165466129,2.64021234344546e-06,3.16037001509077e-05
